Hi everyone,
I've a KeyError during the execution of this statement:
sampler = FixedEmbeddingComposite(DWaveSampler(), embedding=embedding)
I followed the execution flow and it seems that the error comes from the target_to_source function.
I do not know if I'm doing something wrong or if it's a bug.
Thank you.
Hi @ciolo , this is most likely caused by the embedding not matching the underlying source graph. Would you be able to post the source graph (sampler.nodelist and sampler.edgelist) as well as your embedding?
Hi @arcondello,
Thank u for reply. These are my data:
Nodelist's sampler:
[0, 1, 2, 3, 4, 5, 6, 7, 8, 9, 10, 11, 12, 13, 14, 15, 16, 17, 18, 19, 20, 21, 22, 23, 24, 25, 26, 27, 28, 29, 30, 31, 32, 33, 34, 35, 36, 37, 38, 39, 40, 41, 42, 43, 44, 45, 46, 47, 48, 49, 50, 51, 52, 53, 54, 55, 56, 57, 58, 59, 60, 61, 62, 63, 64, 65, 66, 67, 68, 69, 70, 71, 72, 73, 74, 75, 76, 77, 78, 79, 80, 81, 82, 83, 84, 85, 86, 87, 88, 89, 90, 91, 92, 93, 94, 95, 96, 97, 98, 99, 100, 101, 102, 103, 104, 105, 106, 107, 108, 109, 110, 111, 112, 113, 114, 115, 116, 117, 118, 119, 120, 121, 122, 123, 124, 125, 126, 127, 128, 129, 130, 131, 132, 133, 134, 135, 136, 137, 138, 139, 140, 141, 142, 143, 144, 145, 146, 147, 148, 149, 150, 151, 152, 153, 154, 155, 156, 157, 158, 159, 160, 161, 162, 163, 164, 165, 166, 167, 168, 169, 170, 171, 172, 173, 174, 175, 176, 177, 178, 179, 180, 181, 182, 183, 184, 185, 186, 187, 188, 189, 190, 191, 192, 193, 194, 195, 196, 197, 198, 199, 200, 201, 202, 203, 204, 205, 206, 207, 208, 209, 210, 211, 212, 213, 214, 216, 217, 218, 219, 220, 221, 222, 223, 224, 225, 226, 227, 228, 229, 230, 231, 232, 233, 234, 235, 236, 237, 238, 239, 240, 241, 242, 243, 244, 245, 246, 247, 248, 249, 250, 251, 252, 253, 254, 255, 256, 257, 258, 259, 260, 261, 262, 263, 264, 265, 266, 267, 268, 269, 270, 271, 272, 273, 274, 275, 276, 277, 278, 279, 280, 281, 282, 283, 284, 285, 286, 287, 288, 289, 290, 291, 292, 293, 294, 295, 296, 297, 298, 299, 300, 301, 302, 303, 304, 305, 306, 307, 308, 309, 310, 311, 312, 313, 314, 315, 316, 317, 318, 319, 320, 321, 322, 323, 324, 325, 326, 327, 328, 329, 330, 331, 332, 333, 334, 335, 337, 338, 339, 340, 341, 342, 343, 344, 345, 346, 347, 348, 349, 350, 351, 352, 353, 354, 355, 356, 357, 358, 359, 360, 361, 362, 363, 364, 365, 366, 367, 368, 369, 370, 371, 372, 373, 374, 375, 376, 377, 378, 379, 380, 381, 382, 383, 384, 385, 386, 387, 388, 389, 390, 391, 392, 393, 394, 395, 396, 397, 398, 399, 400, 401, 402, 403, 404, 405, 406, 407, 408, 409, 410, 411, 412, 413, 414, 415, 416, 417, 418, 419, 420, 421, 422, 423, 424, 425, 426, 427, 428, 429, 430, 431, 432, 433, 434, 435, 436, 437, 438, 439, 440, 441, 442, 443, 444, 445, 446, 447, 448, 449, 450, 451, 452, 453, 454, 455, 456, 457, 458, 459, 460, 461, 462, 463, 464, 465, 466, 467, 468, 469, 470, 471, 472, 473, 474, 475, 476, 477, 478, 479, 480, 481, 482, 483, 484, 485, 486, 487, 488, 489, 490, 491, 492, 493, 494, 495, 496, 497, 498, 499, 500, 501, 502, 503, 504, 505, 506, 507, 508, 509, 510, 511, 512, 513, 514, 515, 516, 517, 518, 519, 520, 521, 522, 523, 524, 525, 526, 527, 528, 529, 530, 531, 532, 533, 534, 535, 536, 537, 538, 539, 540, 541, 542, 543, 544, 545, 546, 547, 548, 549, 550, 551, 552, 553, 554, 555, 556, 557, 558, 559, 560, 561, 562, 563, 564, 565, 566, 567, 568, 569, 570, 571, 572, 573, 574, 575, 576, 578, 579, 580, 581, 582, 583, 584, 585, 586, 587, 588, 589, 590, 591, 592, 593, 594, 595, 596, 597, 598, 599, 600, 601, 602, 603, 604, 605, 606, 607, 608, 609, 610, 611, 612, 613, 614, 615, 616, 617, 618, 619, 620, 621, 622, 623, 624, 625, 626, 627, 628, 629, 630, 631, 632, 633, 634, 635, 636, 637, 638, 639, 640, 641, 642, 643, 644, 645, 646, 647, 648, 649, 650, 651, 652, 653, 654, 655, 656, 657, 658, 659, 660, 661, 662, 663, 664, 665, 666, 667, 668, 669, 670, 671, 672, 673, 674, 675, 676, 677, 678, 679, 680, 681, 682, 683, 684, 685, 686, 687, 688, 689, 690, 692, 693, 694, 695, 696, 697, 698, 699, 700, 701, 702, 703, 704, 705, 706, 707, 708, 709, 710, 711, 712, 713, 714, 715, 716, 717, 718, 719, 720, 721, 722, 723, 724, 725, 726, 727, 728, 729, 730, 731, 732, 733, 734, 735, 736, 737, 738, 739, 740, 741, 742, 743, 744, 745, 746, 747, 748, 749, 750, 751, 752, 753, 754, 755, 756, 757, 758, 759, 760, 761, 762, 763, 764, 765, 766, 767, 768, 769, 770, 771, 772, 773, 774, 775, 776, 777, 778, 779, 780, 781, 782, 783, 784, 785, 786, 787, 788, 789, 790, 791, 792, 793, 794, 795, 796, 797, 798, 799, 800, 801, 802, 803, 804, 805, 806, 807, 808, 809, 810, 811, 812, 813, 814, 815, 816, 817, 818, 819, 820, 821, 822, 823, 824, 825, 826, 827, 828, 829, 830, 831, 832, 833, 834, 835, 836, 837, 838, 839, 840, 841, 842, 843, 844, 845, 846, 847, 848, 849, 850, 851, 852, 853, 854, 855, 856, 857, 858, 859, 860, 861, 862, 863, 864, 865, 866, 867, 868, 869, 870, 871, 872, 873, 874, 875, 876, 877, 878, 879, 880, 881, 882, 883, 884, 885, 886, 887, 888, 889, 890, 891, 892, 893, 894, 895, 896, 897, 898, 899, 900, 901, 902, 903, 904, 905, 906, 907, 908, 909, 910, 911, 912, 913, 914, 915, 916, 917, 918, 919, 920, 921, 922, 923, 924, 925, 926, 927, 928, 929, 930, 931, 932, 933, 934, 935, 936, 937, 938, 939, 940, 941, 942, 943, 944, 945, 946, 947, 948, 949, 950, 951, 952, 953, 954, 955, 956, 957, 958, 959, 960, 961, 962, 963, 964, 965, 966, 967, 968, 969, 970, 971, 972, 973, 974, 975, 976, 977, 978, 979, 980, 981, 982, 983, 984, 985, 986, 987, 988, 989, 990, 991, 992, 993, 994, 995, 996, 997, 998, 999, 1000, 1001, 1002, 1003, 1004, 1005, 1006, 1007, 1008, 1009, 1010, 1011, 1013, 1014, 1015, 1016, 1017, 1018, 1019, 1020, 1021, 1022, 1023, 1024, 1025, 1026, 1027, 1028, 1029, 1030, 1031, 1032, 1033, 1034, 1035, 1036, 1037, 1038, 1039, 1040, 1041, 1042, 1043, 1044, 1045, 1046, 1047, 1048, 1049, 1050, 1051, 1052, 1053, 1054, 1055, 1056, 1057, 1058, 1059, 1060, 1061, 1062, 1063, 1064, 1065, 1066, 1067, 1068, 1069, 1070, 1071, 1072, 1073, 1074, 1075, 1076, 1077, 1078, 1079, 1080, 1081, 1082, 1083, 1084, 1085, 1086, 1087, 1088, 1089, 1090, 1091, 1092, 1093, 1094, 1095, 1096, 1097, 1098, 1099, 1100, 1101, 1102, 1103, 1104, 1106, 1107, 1108, 1109, 1110, 1111, 1112, 1113, 1114, 1115, 1116, 1117, 1118, 1119, 1120, 1121, 1122, 1123, 1124, 1125, 1126, 1127, 1128, 1129, 1130, 1131, 1132, 1133, 1134, 1135, 1136, 1137, 1138, 1139, 1140, 1141, 1142, 1143, 1144, 1145, 1146, 1147, 1148, 1149, 1150, 1151, 1152, 1153, 1154, 1155, 1156, 1157, 1158, 1159, 1160, 1161, 1162, 1163, 1164, 1165, 1166, 1167, 1168, 1169, 1170, 1171, 1172, 1173, 1174, 1175, 1176, 1177, 1178, 1179, 1180, 1181, 1182, 1183, 1184, 1185, 1186, 1187, 1188, 1189, 1190, 1191, 1192, 1193, 1194, 1195, 1196, 1197, 1198, 1199, 1200, 1201, 1202, 1203, 1204, 1205, 1206, 1207, 1208, 1209, 1210, 1211, 1212, 1213, 1214, 1215, 1216, 1217, 1218, 1219, 1220, 1221, 1222, 1223, 1224, 1225, 1226, 1227, 1228, 1229, 1230, 1231, 1232, 1233, 1234, 1235, 1236, 1237, 1238, 1239, 1240, 1241, 1242, 1243, 1244, 1245, 1246, 1247, 1248, 1249, 1250, 1251, 1252, 1253, 1254, 1255, 1256, 1257, 1258, 1259, 1260, 1261, 1262, 1263, 1264, 1265, 1266, 1267, 1268, 1269, 1270, 1271, 1272, 1273, 1274, 1275, 1277, 1278, 1279, 1280, 1281, 1282, 1283, 1284, 1285, 1286, 1287, 1288, 1289, 1290, 1291, 1292, 1293, 1294, 1295, 1296, 1297, 1298, 1299, 1300, 1301, 1302, 1303, 1304, 1305, 1306, 1307, 1308, 1309, 1310, 1311, 1312, 1313, 1314, 1315, 1316, 1317, 1318, 1319, 1320, 1321, 1322, 1323, 1324, 1325, 1326, 1327, 1328, 1329, 1330, 1331, 1332, 1333, 1334, 1335, 1336, 1337, 1338, 1339, 1340, 1341, 1342, 1343, 1344, 1345, 1346, 1347, 1348, 1349, 1350, 1351, 1352, 1353, 1354, 1355, 1356, 1357, 1358, 1359, 1360, 1361, 1362, 1363, 1364, 1365, 1366, 1367, 1368, 1369, 1370, 1371, 1372, 1373, 1374, 1375, 1376, 1377, 1378, 1379, 1380, 1381, 1382, 1383, 1384, 1385, 1386, 1387, 1388, 1389, 1390, 1391, 1392, 1393, 1394, 1395, 1396, 1397, 1398, 1399, 1400, 1401, 1402, 1403, 1404, 1405, 1406, 1407, 1408, 1409, 1410, 1411, 1412, 1413, 1414, 1415, 1416, 1417, 1418, 1419, 1420, 1421, 1422, 1423, 1424, 1425, 1426, 1427, 1428, 1429, 1430, 1431, 1432, 1433, 1434, 1435, 1436, 1437, 1438, 1439, 1440, 1441, 1442, 1443, 1444, 1445, 1446, 1447, 1448, 1449, 1450, 1451, 1452, 1453, 1454, 1455, 1456, 1457, 1458, 1459, 1460, 1461, 1462, 1463, 1464, 1465, 1466, 1467, 1468, 1469, 1470, 1471, 1472, 1473, 1474, 1475, 1476, 1477, 1478, 1479, 1480, 1481, 1482, 1483, 1484, 1485, 1486, 1487, 1488, 1489, 1490, 1491, 1492, 1493, 1494, 1495, 1496, 1497, 1498, 1499, 1500, 1501, 1502, 1503, 1504, 1505, 1506, 1507, 1508, 1509, 1510, 1511, 1512, 1513, 1514, 1515, 1516, 1517, 1518, 1519, 1520, 1521, 1522, 1523, 1524, 1525, 1526, 1527, 1528, 1529, 1530, 1531, 1532, 1533, 1534, 1535, 1536, 1537, 1538, 1539, 1540, 1541, 1542, 1543, 1544, 1545, 1546, 1547, 1548, 1549, 1550, 1551, 1552, 1553, 1554, 1555, 1556, 1557, 1558, 1559, 1560, 1561, 1562, 1563, 1564, 1565, 1566, 1567, 1568, 1569, 1570, 1571, 1572, 1573, 1574, 1575, 1576, 1577, 1578, 1579, 1580, 1581, 1582, 1583, 1584, 1585, 1586, 1587, 1588, 1589, 1590, 1591, 1592, 1593, 1594, 1595, 1596, 1597, 1598, 1599, 1600, 1601, 1602, 1603, 1604, 1605, 1606, 1607, 1608, 1609, 1610, 1611, 1612, 1613, 1614, 1615, 1616, 1617, 1618, 1619, 1620, 1621, 1622, 1623, 1624, 1625, 1626, 1627, 1628, 1629, 1630, 1631, 1632, 1633, 1634, 1635, 1636, 1637, 1638, 1639, 1640, 1641, 1642, 1643, 1644, 1645, 1646, 1647, 1648, 1649, 1650, 1651, 1652, 1653, 1654, 1655, 1656, 1657, 1658, 1659, 1660, 1661, 1662, 1663, 1664, 1665, 1666, 1667, 1668, 1669, 1670, 1671, 1672, 1673, 1674, 1675, 1676, 1677, 1678, 1679, 1680, 1681, 1682, 1683, 1684, 1685, 1686, 1687, 1688, 1689, 1690, 1691, 1692, 1693, 1694, 1695, 1696, 1697, 1698, 1699, 1700, 1701, 1702, 1703, 1704, 1705, 1706, 1707, 1708, 1709, 1710, 1711, 1712, 1713, 1714, 1715, 1716, 1717, 1718, 1719, 1720, 1721, 1722, 1723, 1724, 1725, 1726, 1727, 1728, 1729, 1731, 1732, 1733, 1734, 1735, 1736, 1737, 1738, 1739, 1740, 1741, 1742, 1743, 1744, 1745, 1746, 1747, 1748, 1749, 1750, 1751, 1752, 1753, 1754, 1755, 1756, 1757, 1758, 1759, 1760, 1761, 1762, 1763, 1764, 1765, 1766, 1767, 1768, 1769, 1770, 1771, 1772, 1773, 1774, 1775, 1777, 1778, 1779, 1780, 1781, 1782, 1783, 1784, 1785, 1786, 1787, 1788, 1789, 1790, 1791, 1792, 1793, 1794, 1795, 1796, 1797, 1798, 1799, 1800, 1801, 1802, 1803, 1804, 1805, 1806, 1807, 1808, 1809, 1810, 1811, 1812, 1813, 1814, 1815, 1816, 1817, 1818, 1819, 1820, 1821, 1822, 1823, 1824, 1825, 1826, 1827, 1828, 1829, 1830, 1831, 1832, 1833, 1834, 1835, 1836, 1837, 1838, 1839, 1840, 1841, 1842, 1843, 1844, 1845, 1846, 1847, 1848, 1849, 1850, 1851, 1852, 1853, 1854, 1855, 1856, 1857, 1859, 1860, 1861, 1862, 1863, 1864, 1865, 1866, 1867, 1868, 1869, 1870, 1871, 1872, 1873, 1874, 1875, 1876, 1877, 1878, 1879, 1880, 1881, 1882, 1883, 1884, 1885, 1886, 1887, 1888, 1889, 1890, 1891, 1892, 1893, 1894, 1895, 1896, 1897, 1898, 1899, 1900, 1901, 1902, 1903, 1904, 1905, 1906, 1907, 1908, 1909, 1910, 1911, 1912, 1913, 1914, 1915, 1916, 1917, 1918, 1919, 1920, 1921, 1922, 1923, 1924, 1925, 1926, 1927, 1928, 1929, 1930, 1931, 1932, 1933, 1934, 1935, 1936, 1937, 1938, 1939, 1940, 1941, 1942, 1943, 1944, 1945, 1946, 1947, 1948, 1949, 1950, 1951, 1952, 1953, 1954, 1955, 1956, 1957, 1958, 1959, 1960, 1961, 1962, 1963, 1964, 1965, 1966, 1967, 1968, 1969, 1970, 1971, 1972, 1973, 1974, 1975, 1976, 1977, 1978, 1979, 1980, 1981, 1982, 1983, 1984, 1985, 1986, 1987, 1988, 1989, 1990, 1991, 1992, 1993, 1994, 1995, 1996, 1997, 1998, 1999, 2000, 2001, 2002, 2003, 2004, 2005, 2006, 2007, 2008, 2009, 2010, 2011, 2012, 2013, 2014, 2015, 2016, 2017, 2018, 2019, 2020, 2021, 2022, 2023, 2024, 2025, 2026, 2027, 2028, 2029, 2030, 2031, 2032, 2033, 2034, 2035, 2036, 2037, 2038, 2039, 2040, 2041, 2042, 2043, 2044, 2045, 2046, 2047]
Edgelist's sampler:
[(0, 4), (0, 5), (0, 6), (0, 7), (0, 128), (1, 4), (1, 5), (1, 6), (1, 7), (1, 129), (2, 4), (2, 5), (2, 6), (2, 7), (2, 130), (3, 4), (3, 5), (3, 6), (3, 7), (3, 131), (4, 12), (5, 13), (6, 14), (7, 15), (8, 12), (8, 13), (8, 14), (8, 15), (8, 136), (9, 12), (9, 13), (9, 14), (9, 15), (9, 137), (10, 12), (10, 13), (10, 14), (10, 15), (10, 138), (11, 12), (11, 13), (11, 14), (11, 15), (11, 139), (12, 20), (13, 21), (14, 22), (15, 23), (16, 20), (16, 21), (16, 22), (16, 23), (16, 144), (17, 20), (17, 21), (17, 22), (17, 23), (17, 145), (18, 20), (18, 21), (18, 22), (18, 23), (18, 146), (19, 20), (19, 21), (19, 22), (19, 23), (19, 147), (20, 28), (21, 29), (22, 30), (23, 31), (24, 28), (24, 29), (24, 30), (24, 31), (24, 152), (25, 28), (25, 29), (25, 30), (25, 31), (25, 153), (26, 28), (26, 29), (26, 30), (26, 31), (26, 154), (27, 28), (27, 29), (27, 30), (27, 31), (27, 155), (28, 36), (29, 37), (30, 38), (31, 39), (32, 36), (32, 37), (32, 38), (32, 39), (32, 160), (33, 36), (33, 37), (33, 38), (33, 39), (33, 161), (34, 36), (34, 37), (34, 38), (34, 39), (34, 162), (35, 36), (35, 37), (35, 38), (35, 39), (35, 163), (36, 44), (37, 45), (38, 46), (39, 47), (40, 44), (40, 45), (40, 46), (40, 47), (40, 168), (41, 44), (41, 45), (41, 46), (41, 47), (41, 169), (42, 44), (42, 45), (42, 46), (42, 47), (42, 170), (43, 44), (43, 45), (43, 46), (43, 47), (43, 171), (44, 52), (45, 53), (46, 54), (47, 55), (48, 52), (48, 53), (48, 54), (48, 55), (48, 176), (49, 52), (49, 53), (49, 54), (49, 55), (49, 177), (50, 52), (50, 53), (50, 54), (50, 55), (50, 178), (51, 52), (51, 53), (51, 54), (51, 55), (51, 179), (52, 60), (53, 61), (54, 62), (55, 63), (56, 60), (56, 61), (56, 62), (56, 63), (56, 184), (57, 60), (57, 61), (57, 62), (57, 63), (57, 185), (58, 60), (58, 61), (58, 62), (58, 63), (58, 186), (59, 60), (59, 61), (59, 62), (59, 63), (59, 187), (60, 68), (61, 69), (62, 70), (63, 71), (64, 68), (64, 69), (64, 70), (64, 71), (64, 192), (65, 68), (65, 69), (65, 70), (65, 71), (65, 193), (66, 68), (66, 69), (66, 70), (66, 71), (66, 194), (67, 68), (67, 69), (67, 70), (67, 71), (67, 195), (68, 76), (69, 77), (70, 78), (71, 79), (72, 76), (72, 77), (72, 78), (72, 79), (72, 200), (73, 76), (73, 77), (73, 78), (73, 79), (73, 201), (74, 76), (74, 77), (74, 78), (74, 79), (74, 202), (75, 76), (75, 77), (75, 78), (75, 79), (75, 203), (76, 84), (77, 85), (78, 86), (79, 87), (80, 84), (80, 85), (80, 86), (80, 87), (80, 208), (81, 84), (81, 85), (81, 86), (81, 87), (81, 209), (82, 84), (82, 85), (82, 86), (82, 87), (82, 210), (83, 84), (83, 85), (83, 86), (83, 87), (83, 211), (84, 92), (85, 93), (86, 94), (87, 95), (88, 92), (88, 93), (88, 94), (88, 95), (88, 216), (89, 92), (89, 93), (89, 94), (89, 95), (89, 217), (90, 92), (90, 93), (90, 94), (90, 95), (90, 218), (91, 92), (91, 93), (91, 94), (91, 95), (91, 219), (92, 100), (93, 101), (94, 102), (95, 103), (96, 100), (96, 101), (96, 102), (96, 103), (96, 224), (97, 100), (97, 101), (97, 102), (97, 103), (97, 225), (98, 100), (98, 101), (98, 102), (98, 103), (98, 226), (99, 100), (99, 101), (99, 102), (99, 103), (99, 227), (100, 108), (101, 109), (102, 110), (103, 111), (104, 108), (104, 109), (104, 110), (104, 111), (104, 232), (105, 108), (105, 109), (105, 110), (105, 111), (105, 233), (106, 108), (106, 109), (106, 110), (106, 111), (106, 234), (107, 108), (107, 109), (107, 110), (107, 111), (107, 235), (108, 116), (109, 117), (110, 118), (111, 119), (112, 116), (112, 117), (112, 118), (112, 119), (112, 240), (113, 116), (113, 117), (113, 118), (113, 119), (113, 241), (114, 116), (114, 117), (114, 118), (114, 119), (114, 242), (115, 116), (115, 117), (115, 118), (115, 119), (115, 243), (116, 124), (117, 125), (118, 126), (119, 127), (120, 124), (120, 125), (120, 126), (120, 127), (120, 248), (121, 124), (121, 125), (121, 126), (121, 127), (121, 249), (122, 124), (122, 125), (122, 126), (122, 127), (122, 250), (123, 124), (123, 125), (123, 126), (123, 127), (123, 251), (128, 132), (128, 133), (128, 134), (128, 135), (128, 256), (129, 132), (129, 133), (129, 134), (129, 135), (129, 257), (130, 132), (130, 133), (130, 134), (130, 135), (130, 258), (131, 132), (131, 133), (131, 134), (131, 135), (131, 259), (132, 140), (133, 141), (134, 142), (135, 143), (136, 140), (136, 141), (136, 142), (136, 143), (136, 264), (137, 140), (137, 141), (137, 142), (137, 143), (137, 265), (138, 140), (138, 141), (138, 142), (138, 143), (138, 266), (139, 140), (139, 141), (139, 142), (139, 143), (139, 267), (140, 148), (141, 149), (142, 150), (143, 151), (144, 148), (144, 149), (144, 150), (144, 151), (144, 272), (145, 148), (145, 149), (145, 150), (145, 151), (145, 273), (146, 148), (146, 149), (146, 150), (146, 151), (146, 274), (147, 148), (147, 149), (147, 150), (147, 151), (147, 275), (148, 156), (149, 157), (150, 158), (151, 159), (152, 156), (152, 157), (152, 158), (152, 159), (152, 280), (153, 156), (153, 157), (153, 158), (153, 159), (153, 281), (154, 156), (154, 157), (154, 158), (154, 159), (154, 282), (155, 156), (155, 157), (155, 158), (155, 159), (155, 283), (156, 164), (157, 165), (158, 166), (159, 167), (160, 164), (160, 165), (160, 166), (160, 167), (160, 288), (161, 164), (161, 165), (161, 166), (161, 167), (161, 289), (162, 164), (162, 165), (162, 166), (162, 167), (162, 290), (163, 164), (163, 165), (163, 166), (163, 167), (163, 291), (164, 172), (165, 173), (166, 174), (167, 175), (168, 172), (168, 173), (168, 174), (168, 175), (168, 296), (169, 172), (169, 173), (169, 174), (169, 175), (169, 297), (170, 172), (170, 173), (170, 174), (170, 175), (170, 298), (171, 172), (171, 173), (171, 174), (171, 175), (171, 299), (172, 180), (173, 181), (174, 182), (175, 183), (176, 180), (176, 181), (176, 182), (176, 183), (176, 304), (177, 180), (177, 181), (177, 182), (177, 183), (177, 305), (178, 180), (178, 181), (178, 182), (178, 183), (178, 306), (179, 180), (179, 181), (179, 182), (179, 183), (179, 307), (180, 188), (181, 189), (182, 190), (183, 191), (184, 188), (184, 189), (184, 190), (184, 191), (184, 312), (185, 188), (185, 189), (185, 190), (185, 191), (185, 313), (186, 188), (186, 189), (186, 190), (186, 191), (186, 314), (187, 188), (187, 189), (187, 190), (187, 191), (187, 315), (188, 196), (189, 197), (190, 198), (191, 199), (192, 196), (192, 197), (192, 198), (192, 199), (192, 320), (193, 196), (193, 197), (193, 198), (193, 199), (193, 321), (194, 196), (194, 197), (194, 198), (194, 199), (194, 322), (195, 196), (195, 197), (195, 198), (195, 199), (195, 323), (196, 204), (197, 205), (198, 206), (199, 207), (200, 204), (200, 205), (200, 206), (200, 207), (200, 328), (201, 204), (201, 205), (201, 206), (201, 207), (201, 329), (202, 204), (202, 205), (202, 206), (202, 207), (202, 330), (203, 204), (203, 205), (203, 206), (203, 207), (203, 331), (204, 212), (205, 213), (206, 214), (208, 212), (208, 213), (208, 214), (209, 212), (209, 213), (209, 214), (209, 337), (210, 212), (210, 213), (210, 214), (210, 338), (211, 212), (211, 213), (211, 214), (211, 339), (212, 220), (213, 221), (214, 222), (216, 220), (216, 221), (216, 222), (216, 223), (216, 344), (217, 220), (217, 221), (217, 222), (217, 223), (217, 345), (218, 220), (218, 221), (218, 222), (218, 223), (218, 346), (219, 220), (219, 221), (219, 222), (219, 223), (219, 347), (220, 228), (221, 229), (222, 230), (223, 231), (224, 228), (224, 229), (224, 230), (224, 231), (224, 352), (225, 228), (225, 229), (225, 230), (225, 231), (225, 353), (226, 228), (226, 229), (226, 230), (226, 231), (226, 354), (227, 228), (227, 229), (227, 230), (227, 231), (227, 355), (228, 236), (229, 237), (230, 238), (231, 239), (232, 236), (232, 237), (232, 238), (232, 239), (232, 360), (233, 236), (233, 237), (233, 238), (233, 239), (233, 361), (234, 236), (234, 237), (234, 238), (234, 239), (234, 362), (235, 236), (235, 237), (235, 238), (235, 239), (235, 363), (236, 244), (237, 245), (238, 246), (239, 247), (240, 244), (240, 245), (240, 246), (240, 247), (240, 368), (241, 244), (241, 245), (241, 246), (241, 247), (241, 369), (242, 244), (242, 245), (242, 246), (242, 247), (242, 370), (243, 244), (243, 245), (243, 246), (243, 247), (243, 371), (244, 252), (245, 253), (246, 254), (247, 255), (248, 252), (248, 253), (248, 254), (248, 255), (248, 376), (249, 252), (249, 253), (249, 254), (249, 255), (249, 377), (250, 252), (250, 253), (250, 254), (250, 255), (250, 378), (251, 252), (251, 253), (251, 254), (251, 255), (251, 379), (256, 260), (256, 261), (256, 262), (256, 263), (256, 384), (257, 260), (257, 261), (257, 262), (257, 263), (257, 385), (258, 260), (258, 261), (258, 262), (258, 263), (258, 386), (259, 260), (259, 261), (259, 262), (259, 263), (259, 387), (260, 268), (261, 269), (262, 270), (263, 271), (264, 268), (264, 269), (264, 270), (264, 271), (264, 392), (265, 268), (265, 269), (265, 270), (265, 271), (265, 393), (266, 268), (266, 269), (266, 270), (266, 271), (266, 394), (267, 268), (267, 269), (267, 270), (267, 271), (267, 395), (268, 276), (269, 277), (270, 278), (271, 279), (272, 276), (272, 277), (272, 278), (272, 279), (272, 400), (273, 276), (273, 277), (273, 278), (273, 279), (273, 401), (274, 276), (274, 277), (274, 278), (274, 279), (274, 402), (275, 276), (275, 277), (275, 278), (275, 279), (275, 403), (276, 284), (277, 285), (278, 286), (279, 287), (280, 284), (280, 285), (280, 286), (280, 287), (280, 408), (281, 284), (281, 285), (281, 286), (281, 287), (281, 409), (282, 284), (282, 285), (282, 286), (282, 287), (282, 410), (283, 284), (283, 285), (283, 286), (283, 287), (283, 411), (284, 292), (285, 293), (286, 294), (287, 295), (288, 292), (288, 293), (288, 294), (288, 295), (288, 416), (289, 292), (289, 293), (289, 294), (289, 295), (289, 417), (290, 292), (290, 293), (290, 294), (290, 295), (290, 418), (291, 292), (291, 293), (291, 294), (291, 295), (291, 419), (292, 300), (293, 301), (294, 302), (295, 303), (296, 300), (296, 301), (296, 302), (296, 303), (296, 424), (297, 300), (297, 301), (297, 302), (297, 303), (297, 425), (298, 300), (298, 301), (298, 302), (298, 303), (298, 426), (299, 300), (299, 301), (299, 302), (299, 303), (299, 427), (300, 308), (301, 309), (302, 310), (303, 311), (304, 308), (304, 309), (304, 310), (304, 311), (304, 432), (305, 308), (305, 309), (305, 310), (305, 311), (305, 433), (306, 308), (306, 309), (306, 310), (306, 311), (306, 434), (307, 308), (307, 309), (307, 310), (307, 311), (307, 435), (308, 316), (309, 317), (310, 318), (311, 319), (312, 316), (312, 317), (312, 318), (312, 319), (312, 440), (313, 316), (313, 317), (313, 318), (313, 319), (313, 441), (314, 316), (314, 317), (314, 318), (314, 319), (314, 442), (315, 316), (315, 317), (315, 318), (315, 319), (315, 443), (316, 324), (317, 325), (318, 326), (319, 327), (320, 324), (320, 325), (320, 326), (320, 327), (320, 448), (321, 324), (321, 325), (321, 326), (321, 327), (321, 449), (322, 324), (322, 325), (322, 326), (322, 327), (322, 450), (323, 324), (323, 325), (323, 326), (323, 327), (323, 451), (324, 332), (325, 333), (326, 334), (327, 335), (328, 332), (328, 333), (328, 334), (328, 335), (328, 456), (329, 332), (329, 333), (329, 334), (329, 335), (329, 457), (330, 332), (330, 333), (330, 334), (330, 335), (330, 458), (331, 332), (331, 333), (331, 334), (331, 335), (331, 459), (332, 340), (333, 341), (334, 342), (335, 343), (337, 340), (337, 341), (337, 342), (337, 343), (337, 465), (338, 340), (338, 341), (338, 342), (338, 343), (338, 466), (339, 340), (339, 341), (339, 342), (339, 343), (339, 467), (340, 348), (341, 349), (342, 350), (343, 351), (344, 348), (344, 349), (344, 350), (344, 351), (344, 472), (345, 348), (345, 349), (345, 350), (345, 351), (345, 473), (346, 348), (346, 349), (346, 350), (346, 351), (346, 474), (347, 348), (347, 349), (347, 350), (347, 351), (347, 475), (348, 356), (349, 357), (350, 358), (351, 359), (352, 356), (352, 357), (352, 358), (352, 359), (352, 480), (353, 356), (353, 357), (353, 358), (353, 359), (353, 481), (354, 356), (354, 357), (354, 358), (354, 359), (354, 482), (355, 356), (355, 357), (355, 358), (355, 359), (355, 483), (356, 364), (357, 365), (358, 366), (359, 367), (360, 364), (360, 365), (360, 366), (360, 367), (360, 488), (361, 364), (361, 365), (361, 366), (361, 367), (361, 489), (362, 364), (362, 365), (362, 366), (362, 367), (362, 490), (363, 364), (363, 365), (363, 366), (363, 367), (363, 491), (364, 372), (365, 373), (366, 374), (367, 375), (368, 372), (368, 373), (368, 374), (368, 375), (368, 496), (369, 372), (369, 373), (369, 374), (369, 375), (369, 497), (370, 372), (370, 373), (370, 374), (370, 375), (370, 498), (371, 372), (371, 373), (371, 374), (371, 375), (371, 499), (372, 380), (373, 381), (374, 382), (375, 383), (376, 380), (376, 381), (376, 382), (376, 383), (376, 504), (377, 380), (377, 381), (377, 382), (377, 383), (377, 505), (378, 380), (378, 381), (378, 382), (378, 383), (378, 506), (379, 380), (379, 381), (379, 382), (379, 383), (379, 507), (384, 388), (384, 389), (384, 390), (384, 391), (384, 512), (385, 388), (385, 389), (385, 390), (385, 391), (385, 513), (386, 388), (386, 389), (386, 390), (386, 391), (386, 514), (387, 388), (387, 389), (387, 390), (387, 391), (387, 515), (388, 396), (389, 397), (390, 398), (391, 399), (392, 396), (392, 397), (392, 398), (392, 399), (392, 520), (393, 396), (393, 397), (393, 398), (393, 399), (393, 521), (394, 396), (394, 397), (394, 398), (394, 399), (394, 522), (395, 396), (395, 397), (395, 398), (395, 399), (395, 523), (396, 404), (397, 405), (398, 406), (399, 407), (400, 404), (400, 405), (400, 406), (400, 407), (400, 528), (401, 404), (401, 405), (401, 406), (401, 407), (401, 529), (402, 404), (402, 405), (402, 406), (402, 407), (402, 530), (403, 404), (403, 405), (403, 406), (403, 407), (403, 531), (404, 412), (405, 413), (406, 414), (407, 415), (408, 412), (408, 413), (408, 414), (408, 415), (408, 536), (409, 412), (409, 413), (409, 414), (409, 415), (409, 537), (410, 412), (410, 413), (410, 414), (410, 415), (410, 538), (411, 412), (411, 413), (411, 414), (411, 415), (411, 539), (412, 420), (413, 421), (414, 422), (415, 423), (416, 420), (416, 421), (416, 422), (416, 423), (416, 544), (417, 420), (417, 421), (417, 422), (417, 423), (417, 545), (418, 420), (418, 421), (418, 422), (418, 423), (418, 546), (419, 420), (419, 421), (419, 422), (419, 423), (419, 547), (420, 428), (421, 429), (422, 430), (423, 431), (424, 428), (424, 429), (424, 430), (424, 431), (424, 552), (425, 428), (425, 429), (425, 430), (425, 431), (425, 553), (426, 428), (426, 429), (426, 430), (426, 431), (426, 554), (427, 428), (427, 429), (427, 430), (427, 431), (427, 555), (428, 436), (429, 437), (430, 438), (431, 439), (432, 436), (432, 437), (432, 438), (432, 439), (432, 560), (433, 436), (433, 437), (433, 438), (433, 439), (433, 561), (434, 436), (434, 437), (434, 438), (434, 439), (434, 562), (435, 436), (435, 437), (435, 438), (435, 439), (435, 563), (436, 444), (437, 445), (438, 446), (439, 447), (440, 444), (440, 445), (440, 446), (440, 447), (440, 568), (441, 444), (441, 445), (441, 446), (441, 447), (441, 569), (442, 444), (442, 445), (442, 446), (442, 447), (442, 570), (443, 444), (443, 445), (443, 446), (443, 447), (443, 571), (444, 452), (445, 453), (446, 454), (447, 455), (448, 452), (448, 453), (448, 454), (448, 455), (448, 576), (449, 452), (449, 453), (449, 454), (449, 455), (450, 452), (450, 453), (450, 454), (450, 455), (450, 578), (451, 452), (451, 453), (451, 454), (451, 455), (451, 579), (452, 460), (453, 461), (454, 462), (455, 463), (456, 460), (456, 461), (456, 462), (456, 463), (456, 584), (457, 460), (457, 461), (457, 462), (457, 463), (457, 585), (458, 460), (458, 461), (458, 462), (458, 463), (458, 586), (459, 460), (459, 461), (459, 462), (459, 463), (459, 587), (460, 468), (461, 469), (462, 470), (463, 471), (464, 468), (464, 469), (464, 470), (464, 471), (464, 592), (465, 468), (465, 469), (465, 470), (465, 471), (465, 593), (466, 468), (466, 469), (466, 470), (466, 471), (466, 594), (467, 468), (467, 469), (467, 470), (467, 471), (467, 595), (468, 476), (469, 477), (470, 478), (471, 479), (472, 476), (472, 477), (472, 478), (472, 479), (472, 600), (473, 476), (473, 477), (473, 478), (473, 479), (473, 601), (474, 476), (474, 477), (474, 478), (474, 479), (474, 602), (475, 476), (475, 477), (475, 478), (475, 479), (475, 603), (476, 484), (477, 485), (478, 486), (479, 487), (480, 484), (480, 485), (480, 486), (480, 487), (480, 608), (481, 484), (481, 485), (481, 486), (481, 487), (481, 609), (482, 484), (482, 485), (482, 486), (482, 487), (482, 610), (483, 484), (483, 485), (483, 486), (483, 487), (483, 611), (484, 492), (485, 493), (486, 494), (487, 495), (488, 492), (488, 493), (488, 494), (488, 495), (488, 616), (489, 492), (489, 493), (489, 494), (489, 495), (489, 617), (490, 492), (490, 493), (490, 494), (490, 495), (490, 618), (491, 492), (491, 493), (491, 494), (491, 495), (491, 619), (492, 500), (493, 501), (494, 502), (495, 503), (496, 500), (496, 501), (496, 502), (496, 503), (496, 624), (497, 500), (497, 501), (497, 502), (497, 503), (497, 625), (498, 500), (498, 501), (498, 502), (498, 503), (498, 626), (499, 500), (499, 501), (499, 502), (499, 503), (499, 627), (500, 508), (501, 509), (502, 510), (503, 511), (504, 508), (504, 509), (504, 510), (504, 511), (504, 632), (505, 508), (505, 509), (505, 510), (505, 511), (505, 633), (506, 508), (506, 509), (506, 510), (506, 511), (506, 634), (507, 508), (507, 509), (507, 510), (507, 511), (507, 635), (512, 516), (512, 517), (512, 518), (512, 519), (512, 640), (513, 516), (513, 517), (513, 518), (513, 519), (513, 641), (514, 516), (514, 517), (514, 518), (514, 519), (514, 642), (515, 516), (515, 517), (515, 518), (515, 519), (515, 643), (516, 524), (517, 525), (518, 526), (519, 527), (520, 524), (520, 525), (520, 526), (520, 527), (520, 648), (521, 524), (521, 525), (521, 526), (521, 527), (521, 649), (522, 524), (522, 525), (522, 526), (522, 527), (522, 650), (523, 524), (523, 525), (523, 526), (523, 527), (523, 651), (524, 532), (525, 533), (526, 534), (527, 535), (528, 532), (528, 533), (528, 534), (528, 535), (528, 656), (529, 532), (529, 533), (529, 534), (529, 535), (529, 657), (530, 532), (530, 533), (530, 534), (530, 535), (530, 658), (531, 532), (531, 533), (531, 534), (531, 535), (531, 659), (532, 540), (533, 541), (534, 542), (535, 543), (536, 540), (536, 541), (536, 542), (536, 543), (536, 664), (537, 540), (537, 541), (537, 542), (537, 543), (537, 665), (538, 540), (538, 541), (538, 542), (538, 543), (538, 666), (539, 540), (539, 541), (539, 542), (539, 543), (539, 667), (540, 548), (541, 549), (542, 550), (543, 551), (544, 548), (544, 549), (544, 550), (544, 551), (544, 672), (545, 548), (545, 549), (545, 550), (545, 551), (545, 673), (546, 548), (546, 549), (546, 550), (546, 551), (546, 674), (547, 548), (547, 549), (547, 550), (547, 551), (547, 675), (548, 556), (549, 557), (550, 558), (551, 559), (552, 556), (552, 557), (552, 558), (552, 559), (552, 680), (553, 556), (553, 557), (553, 558), (553, 559), (553, 681), (554, 556), (554, 557), (554, 558), (554, 559), (554, 682), (555, 556), (555, 557), (555, 558), (555, 559), (555, 683), (556, 564), (557, 565), (558, 566), (559, 567), (560, 564), (560, 565), (560, 566), (560, 567), (560, 688), (561, 564), (561, 565), (561, 566), (561, 567), (561, 689), (562, 564), (562, 565), (562, 566), (562, 567), (562, 690), (563, 564), (563, 565), (563, 566), (563, 567), (564, 572), (565, 573), (566, 574), (567, 575), (568, 572), (568, 573), (568, 574), (568, 575), (568, 696), (569, 572), (569, 573), (569, 574), (569, 575), (569, 697), (570, 572), (570, 573), (570, 574), (570, 575), (570, 698), (571, 572), (571, 573), (571, 574), (571, 575), (571, 699), (572, 580), (573, 581), (574, 582), (575, 583), (576, 580), (576, 581), (576, 582), (576, 583), (576, 704), (578, 580), (578, 581), (578, 582), (578, 583), (578, 706), (579, 580), (579, 581), (579, 582), (579, 583), (579, 707), (580, 588), (581, 589), (582, 590), (583, 591), (584, 588), (584, 589), (584, 590), (584, 591), (584, 712), (585, 588), (585, 589), (585, 590), (585, 591), (585, 713), (586, 588), (586, 589), (586, 590), (586, 591), (586, 714), (587, 588), (587, 589), (587, 590), (587, 591), (587, 715), (588, 596), (589, 597), (590, 598), (591, 599), (592, 596), (592, 597), (592, 598), (592, 599), (592, 720), (593, 596), (593, 597), (593, 598), (593, 599), (593, 721), (594, 596), (594, 597), (594, 598), (594, 599), (594, 722), (595, 596), (595, 597), (595, 598), (595, 599), (595, 723), (596, 604), (597, 605), (598, 606), (599, 607), (600, 604), (600, 605), (600, 606), (600, 607), (600, 728), (601, 604), (601, 605), (601, 606), (601, 607), (601, 729), (602, 604), (602, 605), (602, 606), (602, 607), (602, 730), (603, 604), (603, 605), (603, 606), (603, 607), (603, 731), (604, 612), (605, 613), (606, 614), (607, 615), (608, 612), (608, 613), (608, 614), (608, 615), (608, 736), (609, 612), (609, 613), (609, 614), (609, 615), (609, 737), (610, 612), (610, 613), (610, 614), (610, 615), (610, 738), (611, 612), (611, 613), (611, 614), (611, 615), (611, 739), (612, 620), (613, 621), (614, 622), (615, 623), (616, 620), (616, 621), (616, 622), (616, 623), (616, 744), (617, 620), (617, 621), (617, 622), (617, 623), (617, 745), (618, 620), (618, 621), (618, 622), (618, 623), (618, 746), (619, 620), (619, 621), (619, 622), (619, 623), (619, 747), (620, 628), (621, 629), (622, 630), (623, 631), (624, 628), (624, 629), (624, 630), (624, 631), (624, 752), (625, 628), (625, 629), (625, 630), (625, 631), (625, 753), (626, 628), (626, 629), (626, 630), (626, 631), (626, 754), (627, 628), (627, 629), (627, 630), (627, 631), (627, 755), (628, 636), (629, 637), (630, 638), (631, 639), (632, 636), (632, 637), (632, 638), (632, 639), (632, 760), (633, 636), (633, 637), (633, 638), (633, 639), (633, 761), (634, 636), (634, 637), (634, 638), (634, 639), (634, 762), (635, 636), (635, 637), (635, 638), (635, 639), (635, 763), (640, 644), (640, 645), (640, 646), (640, 647), (640, 768), (641, 644), (641, 645), (641, 646), (641, 647), (641, 769), (642, 644), (642, 645), (642, 646), (642, 647), (642, 770), (643, 644), (643, 645), (643, 646), (643, 647), (643, 771), (644, 652), (645, 653), (646, 654), (647, 655), (648, 652), (648, 653), (648, 654), (648, 655), (648, 776), (649, 652), (649, 653), (649, 654), (649, 655), (649, 777), (650, 652), (650, 653), (650, 654), (650, 655), (650, 778), (651, 652), (651, 653), (651, 654), (651, 655), (651, 779), (652, 660), (653, 661), (654, 662), (655, 663), (656, 660), (656, 661), (656, 662), (656, 663), (656, 784), (657, 660), (657, 661), (657, 662), (657, 663), (657, 785), (658, 660), (658, 661), (658, 662), (658, 663), (658, 786), (659, 660), (659, 661), (659, 662), (659, 663), (659, 787), (660, 668), (661, 669), (662, 670), (663, 671), (664, 668), (664, 669), (664, 670), (664, 671), (664, 792), (665, 668), (665, 669), (665, 670), (665, 671), (665, 793), (666, 668), (666, 669), (666, 670), (666, 671), (666, 794), (667, 668), (667, 669), (667, 670), (667, 671), (667, 795), (668, 676), (669, 677), (670, 678), (671, 679), (672, 676), (672, 677), (672, 678), (672, 679), (672, 800), (673, 676), (673, 677), (673, 678), (673, 679), (673, 801), (674, 676), (674, 677), (674, 678), (674, 679), (674, 802), (675, 676), (675, 677), (675, 678), (675, 679), (675, 803), (676, 684), (677, 685), (678, 686), (679, 687), (680, 684), (680, 685), (680, 686), (680, 687), (680, 808), (681, 684), (681, 685), (681, 686), (681, 687), (681, 809), (682, 684), (682, 685), (682, 686), (682, 687), (682, 810), (683, 684), (683, 685), (683, 686), (683, 687), (683, 811), (684, 692), (685, 693), (686, 694), (687, 695), (688, 692), (688, 693), (688, 694), (688, 695), (688, 816), (689, 692), (689, 693), (689, 694), (689, 695), (689, 817), (690, 692), (690, 693), (690, 694), (690, 695), (690, 818), (692, 700), (693, 701), (694, 702), (695, 703), (696, 700), (696, 701), (696, 702), (696, 703), (696, 824), (697, 700), (697, 701), (697, 702), (697, 703), (697, 825), (698, 700), (698, 701), (698, 702), (698, 703), (698, 826), (699, 700), (699, 701), (699, 702), (699, 703), (699, 827), (700, 708), (701, 709), (702, 710), (703, 711), (704, 708), (704, 709), (704, 710), (704, 711), (704, 832), (705, 708), (705, 709), (705, 710), (705, 711), (705, 833), (706, 708), (706, 709), (706, 710), (706, 711), (706, 834), (707, 708), (707, 709), (707, 710), (707, 711), (707, 835), (708, 716), (709, 717), (710, 718), (711, 719), (712, 716), (712, 717), (712, 718), (712, 719), (712, 840), (713, 716), (713, 717), (713, 718), (713, 719), (713, 841), (714, 716), (714, 717), (714, 718), (714, 719), (714, 842), (715, 716), (715, 717), (715, 719), (715, 843), (716, 724), (717, 725), (718, 726), (719, 727), (720, 724), (720, 725), (720, 726), (720, 727), (720, 848), (721, 724), (721, 725), (721, 726), (721, 727), (721, 849), (722, 724), (722, 725), (722, 726), (722, 727), (722, 850), (723, 724), (723, 725), (723, 726), (723, 727), (723, 851), (724, 732), (725, 733), (726, 734), (727, 735), (728, 732), (728, 733), (728, 734), (728, 735), (728, 856), (729, 732), (729, 733), (729, 734), (729, 735), (729, 857), (730, 732), (730, 733), (730, 734), (730, 735), (730, 858), (731, 732), (731, 733), (731, 734), (731, 735), (731, 859), (732, 740), (733, 741), (734, 742), (735, 743), (736, 740), (736, 741), (736, 742), (736, 743), (736, 864), (737, 740), (737, 741), (737, 742), (737, 743), (737, 865), (738, 740), (738, 741), (738, 742), (738, 743), (738, 866), (739, 740), (739, 741), (739, 742), (739, 743), (739, 867), (740, 748), (741, 749), (742, 750), (743, 751), (744, 748), (744, 749), (744, 750), (744, 751), (744, 872), (745, 748), (745, 749), (745, 750), (745, 751), (745, 873), (746, 748), (746, 749), (746, 750), (746, 751), (746, 874), (747, 748), (747, 749), (747, 750), (747, 751), (747, 875), (748, 756), (749, 757), (750, 758), (751, 759), (752, 756), (752, 757), (752, 758), (752, 759), (752, 880), (753, 756), (753, 757), (753, 758), (753, 759), (753, 881), (754, 756), (754, 757), (754, 758), (754, 759), (754, 882), (755, 756), (755, 757), (755, 758), (755, 759), (755, 883), (756, 764), (757, 765), (758, 766), (759, 767), (760, 764), (760, 765), (760, 766), (760, 767), (760, 888), (761, 764), (761, 765), (761, 766), (761, 767), (761, 889), (762, 764), (762, 765), (762, 766), (762, 767), (762, 890), (763, 764), (763, 765), (763, 766), (763, 767), (763, 891), (768, 772), (768, 773), (768, 774), (768, 775), (768, 896), (769, 772), (769, 773), (769, 774), (769, 775), (769, 897), (770, 772), (770, 773), (770, 774), (770, 775), (770, 898), (771, 772), (771, 773), (771, 774), (771, 775), (771, 899), (772, 780), (773, 781), (774, 782), (775, 783), (776, 780), (776, 781), (776, 782), (776, 783), (776, 904), (777, 780), (777, 781), (777, 782), (777, 783), (777, 905), (778, 780), (778, 781), (778, 782), (778, 783), (778, 906), (779, 780), (779, 781), (779, 782), (779, 783), (779, 907), (780, 788), (781, 789), (782, 790), (783, 791), (784, 788), (784, 789), (784, 790), (784, 791), (784, 912), (785, 788), (785, 789), (785, 790), (785, 791), (785, 913), (786, 788), (786, 789), (786, 790), (786, 791), (786, 914), (787, 788), (787, 789), (787, 790), (787, 791), (787, 915), (788, 796), (789, 797), (790, 798), (791, 799), (792, 796), (792, 797), (792, 798), (792, 799), (792, 920), (793, 796), (793, 797), (793, 798), (793, 799), (793, 921), (794, 796), (794, 797), (794, 798), (794, 799), (794, 922), (795, 796), (795, 797), (795, 798), (795, 799), (795, 923), (796, 804), (797, 805), (798, 806), (799, 807), (800, 804), (800, 805), (800, 806), (800, 807), (800, 928), (801, 804), (801, 805), (801, 806), (801, 807), (801, 929), (802, 804), (802, 805), (802, 806), (802, 807), (802, 930), (803, 804), (803, 805), (803, 806), (803, 807), (803, 931), (804, 812), (805, 813), (806, 814), (807, 815), (808, 812), (808, 813), (808, 814), (808, 815), (808, 936), (809, 812), (809, 813), (809, 814), (809, 815), (809, 937), (810, 812), (810, 813), (810, 814), (810, 815), (810, 938), (811, 812), (811, 813), (811, 814), (811, 815), (811, 939), (812, 820), (813, 821), (814, 822), (815, 823), (816, 820), (816, 821), (816, 822), (816, 823), (816, 944), (817, 820), (817, 821), (817, 822), (817, 823), (817, 945), (818, 820), (818, 821), (818, 822), (818, 823), (818, 946), (819, 820), (819, 821), (819, 822), (819, 823), (819, 947), (820, 828), (821, 829), (822, 830), (823, 831), (824, 828), (824, 829), (824, 830), (824, 831), (824, 952), (825, 828), (825, 829), (825, 830), (825, 831), (825, 953), (826, 828), (826, 829), (826, 830), (826, 831), (826, 954), (827, 828), (827, 829), (827, 830), (827, 831), (827, 955), (828, 836), (829, 837), (830, 838), (831, 839), (832, 836), (832, 837), (832, 838), (832, 839), (832, 960), (833, 836), (833, 837), (833, 838), (833, 839), (833, 961), (834, 836), (834, 837), (834, 838), (834, 839), (834, 962), (835, 836), (835, 837), (835, 838), (835, 839), (835, 963), (836, 844), (837, 845), (838, 846), (839, 847), (840, 844), (840, 845), (840, 846), (840, 847), (840, 968), (841, 844), (841, 845), (841, 846), (841, 847), (841, 969), (842, 844), (842, 845), (842, 846), (842, 847), (842, 970), (843, 844), (843, 845), (843, 846), (843, 847), (843, 971), (844, 852), (845, 853), (846, 854), (847, 855), (848, 852), (848, 853), (848, 854), (848, 855), (848, 976), (849, 852), (849, 853), (849, 854), (849, 855), (849, 977), (850, 852), (850, 853), (850, 854), (850, 855), (850, 978), (851, 852), (851, 853), (851, 854), (851, 855), (851, 979), (852, 860), (853, 861), (854, 862), (855, 863), (856, 860), (856, 861), (856, 862), (856, 863), (856, 984), (857, 860), (857, 861), (857, 862), (857, 863), (857, 985), (858, 860), (858, 861), (858, 862), (858, 863), (858, 986), (859, 860), (859, 861), (859, 862), (859, 863), (859, 987), (860, 868), (861, 869), (862, 870), (863, 871), (864, 868), (864, 869), (864, 870), (864, 871), (864, 992), (865, 868), (865, 869), (865, 870), (865, 871), (865, 993), (866, 868), (866, 869), (866, 870), (866, 871), (866, 994), (867, 868), (867, 869), (867, 870), (867, 871), (867, 995), (868, 876), (869, 877), (870, 878), (871, 879), (872, 876), (872, 877), (872, 878), (872, 879), (872, 1000), (873, 876), (873, 877), (873, 878), (873, 879), (873, 1001), (874, 876), (874, 877), (874, 878), (874, 879), (874, 1002), (875, 876), (875, 877), (875, 878), (875, 879), (875, 1003), (876, 884), (877, 885), (878, 886), (879, 887), (880, 884), (880, 885), (880, 886), (880, 887), (880, 1008), (881, 884), (881, 885), (881, 886), (881, 887), (881, 1009), (882, 884), (882, 885), (882, 886), (882, 887), (882, 1010), (883, 884), (883, 885), (883, 886), (883, 887), (883, 1011), (884, 892), (885, 893), (886, 894), (887, 895), (888, 892), (888, 893), (888, 894), (888, 895), (888, 1016), (889, 892), (889, 893), (889, 894), (889, 895), (889, 1017), (890, 892), (890, 893), (890, 894), (890, 895), (890, 1018), (891, 892), (891, 893), (891, 894), (891, 895), (891, 1019), (896, 900), (896, 901), (896, 902), (896, 903), (896, 1024), (897, 900), (897, 901), (897, 902), (897, 903), (897, 1025), (898, 900), (898, 901), (898, 902), (898, 903), (898, 1026), (899, 900), (899, 901), (899, 902), (899, 903), (899, 1027), (900, 908), (901, 909), (902, 910), (903, 911), (904, 908), (904, 909), (904, 910), (904, 911), (904, 1032), (905, 908), (905, 909), (905, 910), (905, 911), (905, 1033), (906, 908), (906, 909), (906, 910), (906, 911), (906, 1034), (907, 908), (907, 909), (907, 910), (907, 911), (907, 1035), (908, 916), (909, 917), (910, 918), (911, 919), (912, 916), (912, 917), (912, 918), (912, 919), (912, 1040), (913, 916), (913, 917), (913, 918), (913, 919), (913, 1041), (914, 916), (914, 917), (914, 918), (914, 919), (914, 1042), (915, 916), (915, 917), (915, 918), (915, 919), (915, 1043), (916, 924), (917, 925), (918, 926), (919, 927), (920, 924), (920, 925), (920, 926), (920, 927), (920, 1048), (921, 924), (921, 925), (921, 926), (921, 927), (921, 1049), (922, 924), (922, 925), (922, 926), (922, 927), (922, 1050), (923, 924), (923, 925), (923, 926), (923, 927), (923, 1051), (924, 932), (925, 933), (926, 934), (927, 935), (928, 932), (928, 933), (928, 934), (928, 935), (928, 1056), (929, 932), (929, 933), (929, 934), (929, 935), (929, 1057), (930, 932), (930, 933), (930, 934), (930, 935), (930, 1058), (931, 932), (931, 933), (931, 934), (931, 935), (931, 1059), (932, 940), (933, 941), (934, 942), (935, 943), (936, 940), (936, 941), (936, 942), (936, 943), (936, 1064), (937, 940), (937, 941), (937, 942), (937, 943), (937, 1065), (938, 940), (938, 941), (938, 942), (938, 943), (938, 1066), (939, 940), (939, 941), (939, 942), (939, 943), (939, 1067), (940, 948), (941, 949), (942, 950), (943, 951), (944, 948), (944, 949), (944, 950), (944, 951), (944, 1072), (945, 948), (945, 949), (945, 950), (945, 951), (945, 1073), (946, 948), (946, 949), (946, 950), (946, 951), (946, 1074), (947, 948), (947, 949), (947, 950), (947, 951), (947, 1075), (948, 956), (949, 957), (950, 958), (951, 959), (952, 956), (952, 957), (952, 958), (952, 959), (952, 1080), (953, 956), (953, 957), (953, 958), (953, 959), (953, 1081), (954, 956), (954, 957), (954, 958), (954, 959), (954, 1082), (955, 956), (955, 957), (955, 958), (955, 959), (955, 1083), (956, 964), (957, 965), (958, 966), (959, 967), (960, 964), (960, 965), (960, 966), (960, 967), (960, 1088), (961, 964), (961, 965), (961, 966), (961, 967), (961, 1089), (962, 964), (962, 965), (962, 966), (962, 967), (962, 1090), (963, 964), (963, 965), (963, 966), (963, 967), (963, 1091), (964, 972), (965, 973), (966, 974), (967, 975), (968, 972), (968, 973), (968, 974), (968, 975), (968, 1096), (969, 972), (969, 973), (969, 974), (969, 975), (969, 1097), (970, 972), (970, 973), (970, 974), (970, 975), (970, 1098), (971, 972), (971, 973), (971, 974), (971, 975), (971, 1099), (972, 980), (973, 981), (974, 982), (975, 983), (976, 980), (976, 981), (976, 982), (976, 983), (976, 1104), (977, 980), (977, 981), (977, 982), (977, 983), (978, 980), (978, 981), (978, 982), (978, 983), (978, 1106), (979, 980), (979, 981), (979, 982), (979, 983), (979, 1107), (980, 988), (981, 989), (982, 990), (983, 991), (984, 988), (984, 989), (984, 990), (984, 991), (984, 1112), (985, 988), (985, 989), (985, 990), (985, 991), (985, 1113), (986, 988), (986, 989), (986, 990), (986, 991), (986, 1114), (987, 988), (987, 989), (987, 990), (987, 991), (987, 1115), (988, 996), (989, 997), (990, 998), (991, 999), (992, 996), (992, 997), (992, 998), (992, 999), (992, 1120), (993, 996), (993, 997), (993, 998), (993, 999), (993, 1121), (994, 996), (994, 997), (994, 998), (994, 999), (994, 1122), (995, 996), (995, 997), (995, 998), (995, 999), (995, 1123), (996, 1004), (997, 1005), (998, 1006), (999, 1007), (1000, 1004), (1000, 1005), (1000, 1006), (1000, 1007), (1000, 1128), (1001, 1004), (1001, 1005), (1001, 1006), (1001, 1007), (1001, 1129), (1002, 1004), (1002, 1005), (1002, 1006), (1002, 1007), (1002, 1130), (1003, 1004), (1003, 1005), (1003, 1006), (1003, 1007), (1003, 1131), (1005, 1013), (1006, 1014), (1007, 1015), (1008, 1013), (1008, 1014), (1008, 1015), (1008, 1136), (1009, 1013), (1009, 1014), (1009, 1015), (1009, 1137), (1010, 1013), (1010, 1014), (1010, 1015), (1010, 1138), (1011, 1013), (1011, 1014), (1011, 1015), (1011, 1139), (1013, 1021), (1014, 1022), (1015, 1023), (1016, 1020), (1016, 1021), (1016, 1022), (1016, 1023), (1016, 1144), (1017, 1020), (1017, 1021), (1017, 1022), (1017, 1023), (1017, 1145), (1018, 1020), (1018, 1021), (1018, 1022), (1018, 1023), (1018, 1146), (1019, 1020), (1019, 1021), (1019, 1022), (1019, 1023), (1019, 1147), (1024, 1028), (1024, 1029), (1024, 1030), (1024, 1031), (1024, 1152), (1025, 1028), (1025, 1029), (1025, 1030), (1025, 1031), (1025, 1153), (1026, 1028), (1026, 1029), (1026, 1030), (1026, 1031), (1026, 1154), (1027, 1028), (1027, 1029), (1027, 1030), (1027, 1031), (1027, 1155), (1028, 1036), (1029, 1037), (1030, 1038), (1031, 1039), (1032, 1036), (1032, 1037), (1032, 1038), (1032, 1039), (1032, 1160), (1033, 1036), (1033, 1037), (1033, 1038), (1033, 1039), (1033, 1161), (1034, 1036), (1034, 1037), (1034, 1038), (1034, 1039), (1034, 1162), (1035, 1036), (1035, 1037), (1035, 1038), (1035, 1039), (1035, 1163), (1036, 1044), (1037, 1045), (1038, 1046), (1039, 1047), (1040, 1044), (1040, 1045), (1040, 1046), (1040, 1047), (1040, 1168), (1041, 1044), (1041, 1045), (1041, 1046), (1041, 1047), (1041, 1169), (1042, 1044), (1042, 1045), (1042, 1046), (1042, 1047), (1042, 1170), (1043, 1044), (1043, 1045), (1043, 1046), (1043, 1047), (1043, 1171), (1044, 1052), (1045, 1053), (1046, 1054), (1047, 1055), (1048, 1052), (1048, 1053), (1048, 1054), (1048, 1055), (1048, 1176), (1049, 1052), (1049, 1053), (1049, 1054), (1049, 1055), (1049, 1177), (1050, 1052), (1050, 1053), (1050, 1054), (1050, 1055), (1050, 1178), (1051, 1052), (1051, 1053), (1051, 1054), (1051, 1055), (1051, 1179), (1052, 1060), (1053, 1061), (1054, 1062), (1055, 1063), (1056, 1060), (1056, 1061), (1056, 1062), (1056, 1063), (1056, 1184), (1057, 1060), (1057, 1061), (1057, 1062), (1057, 1063), (1057, 1185), (1058, 1060), (1058, 1061), (1058, 1062), (1058, 1063), (1058, 1186), (1059, 1060), (1059, 1061), (1059, 1062), (1059, 1063), (1059, 1187), (1060, 1068), (1061, 1069), (1062, 1070), (1063, 1071), (1064, 1068), (1064, 1069), (1064, 1070), (1064, 1071), (1064, 1192), (1065, 1068), (1065, 1069), (1065, 1070), (1065, 1071), (1065, 1193), (1066, 1068), (1066, 1069), (1066, 1070), (1066, 1071), (1066, 1194), (1067, 1068), (1067, 1069), (1067, 1070), (1067, 1071), (1067, 1195), (1068, 1076), (1069, 1077), (1070, 1078), (1071, 1079), (1072, 1076), (1072, 1077), (1072, 1078), (1072, 1079), (1072, 1200), (1073, 1076), (1073, 1077), (1073, 1078), (1073, 1079), (1073, 1201), (1074, 1076), (1074, 1077), (1074, 1078), (1074, 1079), (1074, 1202), (1075, 1076), (1075, 1077), (1075, 1078), (1075, 1079), (1075, 1203), (1076, 1084), (1077, 1085), (1078, 1086), (1079, 1087), (1080, 1084), (1080, 1085), (1080, 1086), (1080, 1087), (1080, 1208), (1081, 1084), (1081, 1085), (1081, 1086), (1081, 1087), (1081, 1209), (1082, 1084), (1082, 1085), (1082, 1086), (1082, 1087), (1082, 1210), (1083, 1084), (1083, 1085), (1083, 1086), (1083, 1087), (1083, 1211), (1084, 1092), (1085, 1093), (1086, 1094), (1087, 1095), (1088, 1092), (1088, 1093), (1088, 1094), (1088, 1095), (1088, 1216), (1089, 1092), (1089, 1093), (1089, 1094), (1089, 1095), (1089, 1217), (1090, 1092), (1090, 1093), (1090, 1094), (1090, 1095), (1090, 1218), (1091, 1092), (1091, 1093), (1091, 1094), (1091, 1095), (1091, 1219), (1092, 1100), (1093, 1101), (1094, 1102), (1095, 1103), (1096, 1100), (1096, 1101), (1096, 1102), (1096, 1103), (1096, 1224), (1097, 1100), (1097, 1101), (1097, 1102), (1097, 1103), (1097, 1225), (1098, 1100), (1098, 1101), (1098, 1102), (1098, 1103), (1098, 1226), (1099, 1100), (1099, 1101), (1099, 1102), (1099, 1103), (1099, 1227), (1100, 1108), (1101, 1109), (1102, 1110), (1103, 1111), (1104, 1108), (1104, 1109), (1104, 1110), (1104, 1111), (1104, 1232), (1106, 1108), (1106, 1109), (1106, 1110), (1106, 1111), (1106, 1234), (1107, 1108), (1107, 1109), (1107, 1110), (1107, 1111), (1107, 1235), (1108, 1116), (1109, 1117), (1110, 1118), (1111, 1119), (1112, 1116), (1112, 1117), (1112, 1118), (1112, 1119), (1112, 1240), (1113, 1116), (1113, 1117), (1113, 1118), (1113, 1119), (1113, 1241), (1114, 1116), (1114, 1117), (1114, 1118), (1114, 1119), (1114, 1242), (1115, 1116), (1115, 1117), (1115, 1118), (1115, 1119), (1115, 1243), (1116, 1124), (1117, 1125), (1118, 1126), (1119, 1127), (1120, 1124), (1120, 1125), (1120, 1126), (1120, 1127), (1120, 1248), (1121, 1124), (1121, 1125), (1121, 1126), (1121, 1127), (1121, 1249), (1122, 1124), (1122, 1125), (1122, 1126), (1122, 1127), (1122, 1250), (1123, 1124), (1123, 1125), (1123, 1126), (1123, 1127), (1123, 1251), (1124, 1132), (1125, 1133), (1126, 1134), (1127, 1135), (1128, 1132), (1128, 1133), (1128, 1134), (1128, 1135), (1128, 1256), (1129, 1132), (1129, 1133), (1129, 1134), (1129, 1135), (1129, 1257), (1130, 1132), (1130, 1133), (1130, 1134), (1130, 1135), (1130, 1258), (1131, 1132), (1131, 1133), (1131, 1134), (1131, 1135), (1131, 1259), (1132, 1140), (1133, 1141), (1134, 1142), (1135, 1143), (1136, 1140), (1136, 1141), (1136, 1142), (1136, 1143), (1136, 1264), (1137, 1140), (1137, 1141), (1137, 1142), (1137, 1143), (1137, 1265), (1138, 1140), (1138, 1141), (1138, 1142), (1138, 1143), (1138, 1266), (1139, 1140), (1139, 1141), (1139, 1142), (1139, 1143), (1139, 1267), (1140, 1148), (1141, 1149), (1142, 1150), (1143, 1151), (1144, 1148), (1144, 1149), (1144, 1150), (1144, 1151), (1144, 1272), (1145, 1148), (1145, 1149), (1145, 1150), (1145, 1151), (1145, 1273), (1146, 1148), (1146, 1149), (1146, 1150), (1146, 1151), (1146, 1274), (1147, 1148), (1147, 1149), (1147, 1150), (1147, 1151), (1147, 1275), (1152, 1156), (1152, 1157), (1152, 1158), (1152, 1159), (1152, 1280), (1153, 1156), (1153, 1157), (1153, 1158), (1153, 1159), (1153, 1281), (1154, 1156), (1154, 1157), (1154, 1158), (1154, 1159), (1154, 1282), (1155, 1156), (1155, 1157), (1155, 1158), (1155, 1159), (1155, 1283), (1156, 1164), (1157, 1165), (1158, 1166), (1159, 1167), (1160, 1164), (1160, 1165), (1160, 1166), (1160, 1167), (1160, 1288), (1161, 1164), (1161, 1165), (1161, 1166), (1161, 1167), (1161, 1289), (1162, 1164), (1162, 1165), (1162, 1166), (1162, 1167), (1162, 1290), (1163, 1164), (1163, 1165), (1163, 1166), (1163, 1167), (1163, 1291), (1164, 1172), (1165, 1173), (1166, 1174), (1167, 1175), (1168, 1172), (1168, 1173), (1168, 1174), (1168, 1175), (1168, 1296), (1169, 1172), (1169, 1173), (1169, 1174), (1169, 1175), (1169, 1297), (1170, 1172), (1170, 1173), (1170, 1174), (1170, 1175), (1170, 1298), (1171, 1172), (1171, 1173), (1171, 1174), (1171, 1175), (1171, 1299), (1172, 1180), (1173, 1181), (1174, 1182), (1175, 1183), (1176, 1180), (1176, 1181), (1176, 1182), (1176, 1183), (1176, 1304), (1177, 1180), (1177, 1181), (1177, 1182), (1177, 1183), (1177, 1305), (1178, 1180), (1178, 1181), (1178, 1182), (1178, 1183), (1178, 1306), (1179, 1180), (1179, 1181), (1179, 1182), (1179, 1183), (1179, 1307), (1180, 1188), (1181, 1189), (1182, 1190), (1183, 1191), (1184, 1188), (1184, 1189), (1184, 1190), (1184, 1191), (1184, 1312), (1185, 1188), (1185, 1189), (1185, 1190), (1185, 1191), (1185, 1313), (1186, 1188), (1186, 1189), (1186, 1190), (1186, 1191), (1186, 1314), (1187, 1188), (1187, 1189), (1187, 1190), (1187, 1191), (1187, 1315), (1188, 1196), (1189, 1197), (1190, 1198), (1191, 1199), (1192, 1196), (1192, 1197), (1192, 1198), (1192, 1199), (1192, 1320), (1193, 1196), (1193, 1197), (1193, 1198), (1193, 1199), (1193, 1321), (1194, 1196), (1194, 1197), (1194, 1198), (1194, 1199), (1194, 1322), (1195, 1196), (1195, 1197), (1195, 1198), (1195, 1199), (1195, 1323), (1196, 1204), (1197, 1205), (1198, 1206), (1199, 1207), (1200, 1204), (1200, 1205), (1200, 1206), (1200, 1207), (1200, 1328), (1201, 1204), (1201, 1205), (1201, 1206), (1201, 1207), (1201, 1329), (1202, 1204), (1202, 1205), (1202, 1206), (1202, 1207), (1202, 1330), (1203, 1204), (1203, 1205), (1203, 1206), (1203, 1207), (1203, 1331), (1204, 1212), (1205, 1213), (1206, 1214), (1207, 1215), (1208, 1212), (1208, 1213), (1208, 1214), (1208, 1215), (1208, 1336), (1209, 1212), (1209, 1213), (1209, 1214), (1209, 1215), (1209, 1337), (1210, 1212), (1210, 1213), (1210, 1214), (1210, 1215), (1210, 1338), (1211, 1212), (1211, 1213), (1211, 1214), (1211, 1215), (1211, 1339), (1212, 1220), (1213, 1221), (1214, 1222), (1215, 1223), (1216, 1220), (1216, 1221), (1216, 1222), (1216, 1223), (1216, 1344), (1217, 1220), (1217, 1221), (1217, 1222), (1217, 1223), (1217, 1345), (1218, 1220), (1218, 1221), (1218, 1222), (1218, 1223), (1218, 1346), (1219, 1220), (1219, 1221), (1219, 1222), (1219, 1223), (1219, 1347), (1220, 1228), (1221, 1229), (1222, 1230), (1223, 1231), (1224, 1228), (1224, 1229), (1224, 1230), (1224, 1231), (1224, 1352), (1225, 1228), (1225, 1229), (1225, 1230), (1225, 1231), (1225, 1353), (1226, 1228), (1226, 1229), (1226, 1230), (1226, 1231), (1226, 1354), (1227, 1228), (1227, 1229), (1227, 1230), (1227, 1231), (1227, 1355), (1228, 1236), (1229, 1237), (1230, 1238), (1231, 1239), (1232, 1236), (1232, 1237), (1232, 1238), (1232, 1239), (1232, 1360), (1233, 1236), (1233, 1237), (1233, 1238), (1233, 1239), (1233, 1361), (1234, 1236), (1234, 1237), (1234, 1238), (1234, 1239), (1234, 1362), (1235, 1236), (1235, 1237), (1235, 1363), (1236, 1244), (1237, 1245), (1238, 1246), (1239, 1247), (1240, 1244), (1240, 1245), (1240, 1246), (1240, 1247), (1240, 1368), (1241, 1244), (1241, 1245), (1241, 1246), (1241, 1247), (1241, 1369), (1242, 1244), (1242, 1245), (1242, 1246), (1242, 1247), (1242, 1370), (1243, 1244), (1243, 1245), (1243, 1246), (1243, 1247), (1243, 1371), (1244, 1252), (1245, 1253), (1246, 1254), (1247, 1255), (1248, 1252), (1248, 1253), (1248, 1254), (1248, 1255), (1248, 1376), (1249, 1252), (1249, 1253), (1249, 1254), (1249, 1255), (1249, 1377), (1250, 1252), (1250, 1253), (1250, 1254), (1250, 1255), (1250, 1378), (1251, 1252), (1251, 1253), (1251, 1254), (1251, 1255), (1251, 1379), (1252, 1260), (1253, 1261), (1254, 1262), (1255, 1263), (1256, 1260), (1256, 1261), (1256, 1262), (1256, 1263), (1256, 1384), (1257, 1260), (1257, 1261), (1257, 1262), (1257, 1263), (1257, 1385), (1258, 1260), (1258, 1261), (1258, 1262), (1258, 1263), (1258, 1386), (1259, 1260), (1259, 1261), (1259, 1262), (1259, 1263), (1259, 1387), (1260, 1268), (1261, 1269), (1262, 1270), (1263, 1271), (1264, 1268), (1264, 1269), (1264, 1270), (1264, 1271), (1264, 1392), (1265, 1268), (1265, 1269), (1265, 1270), (1265, 1271), (1265, 1393), (1266, 1268), (1266, 1269), (1266, 1270), (1266, 1271), (1266, 1394), (1267, 1268), (1267, 1269), (1267, 1270), (1267, 1271), (1267, 1395), (1269, 1277), (1270, 1278), (1271, 1279), (1272, 1277), (1272, 1278), (1272, 1279), (1272, 1400), (1273, 1277), (1273, 1278), (1273, 1279), (1273, 1401), (1274, 1277), (1274, 1278), (1274, 1279), (1274, 1402), (1275, 1277), (1275, 1278), (1275, 1279), (1275, 1403), (1280, 1284), (1280, 1285), (1280, 1286), (1280, 1287), (1280, 1408), (1281, 1284), (1281, 1285), (1281, 1286), (1281, 1287), (1281, 1409), (1282, 1284), (1282, 1285), (1282, 1286), (1282, 1287), (1282, 1410), (1283, 1284), (1283, 1285), (1283, 1286), (1283, 1287), (1283, 1411), (1284, 1292), (1285, 1293), (1286, 1294), (1287, 1295), (1288, 1292), (1288, 1293), (1288, 1294), (1288, 1295), (1288, 1416), (1289, 1292), (1289, 1293), (1289, 1294), (1289, 1295), (1289, 1417), (1290, 1292), (1290, 1293), (1290, 1294), (1290, 1295), (1290, 1418), (1291, 1292), (1291, 1293), (1291, 1294), (1291, 1295), (1291, 1419), (1292, 1300), (1293, 1301), (1294, 1302), (1295, 1303), (1296, 1300), (1296, 1301), (1296, 1302), (1296, 1303), (1296, 1424), (1297, 1300), (1297, 1301), (1297, 1302), (1297, 1303), (1297, 1425), (1298, 1300), (1298, 1301), (1298, 1302), (1298, 1303), (1298, 1426), (1299, 1300), (1299, 1301), (1299, 1302), (1299, 1303), (1299, 1427), (1300, 1308), (1301, 1309), (1302, 1310), (1303, 1311), (1304, 1308), (1304, 1309), (1304, 1310), (1304, 1311), (1304, 1432), (1305, 1308), (1305, 1309), (1305, 1310), (1305, 1311), (1305, 1433), (1306, 1308), (1306, 1309), (1306, 1310), (1306, 1311), (1306, 1434), (1307, 1308), (1307, 1309), (1307, 1310), (1307, 1311), (1307, 1435), (1308, 1316), (1309, 1317), (1310, 1318), (1311, 1319), (1312, 1316), (1312, 1317), (1312, 1318), (1312, 1319), (1312, 1440), (1313, 1316), (1313, 1317), (1313, 1318), (1313, 1319), (1313, 1441), (1314, 1316), (1314, 1317), (1314, 1318), (1314, 1319), (1314, 1442), (1315, 1316), (1315, 1317), (1315, 1318), (1315, 1319), (1315, 1443), (1316, 1324), (1317, 1325), (1318, 1326), (1319, 1327), (1320, 1324), (1320, 1325), (1320, 1326), (1320, 1327), (1320, 1448), (1321, 1324), (1321, 1325), (1321, 1326), (1321, 1327), (1321, 1449), (1322, 1324), (1322, 1325), (1322, 1326), (1322, 1327), (1322, 1450), (1323, 1324), (1323, 1325), (1323, 1326), (1323, 1327), (1323, 1451), (1324, 1332), (1325, 1333), (1326, 1334), (1327, 1335), (1328, 1332), (1328, 1333), (1328, 1334), (1328, 1335), (1328, 1456), (1329, 1332), (1329, 1333), (1329, 1334), (1329, 1335), (1329, 1457), (1330, 1332), (1330, 1333), (1330, 1334), (1330, 1335), (1330, 1458), (1331, 1332), (1331, 1333), (1331, 1334), (1331, 1335), (1331, 1459), (1332, 1340), (1333, 1341), (1334, 1342), (1335, 1343), (1336, 1340), (1336, 1341), (1336, 1342), (1336, 1343), (1336, 1464), (1337, 1340), (1337, 1341), (1337, 1342), (1337, 1343), (1337, 1465), (1338, 1340), (1338, 1341), (1338, 1342), (1338, 1343), (1338, 1466), (1339, 1340), (1339, 1341), (1339, 1342), (1339, 1343), (1339, 1467), (1340, 1348), (1341, 1349), (1342, 1350), (1343, 1351), (1344, 1348), (1344, 1349), (1344, 1350), (1344, 1351), (1344, 1472), (1345, 1348), (1345, 1349), (1345, 1350), (1345, 1351), (1345, 1473), (1346, 1348), (1346, 1349), (1346, 1350), (1346, 1351), (1346, 1474), (1347, 1348), (1347, 1349), (1347, 1350), (1347, 1351), (1347, 1475), (1348, 1356), (1349, 1357), (1350, 1358), (1351, 1359), (1352, 1356), (1352, 1357), (1352, 1358), (1352, 1359), (1352, 1480), (1353, 1356), (1353, 1357), (1353, 1358), (1353, 1359), (1353, 1481), (1354, 1356), (1354, 1357), (1354, 1358), (1354, 1359), (1354, 1482), (1355, 1356), (1355, 1357), (1355, 1358), (1355, 1359), (1355, 1483), (1356, 1364), (1357, 1365), (1358, 1366), (1359, 1367), (1360, 1364), (1360, 1365), (1360, 1366), (1360, 1367), (1360, 1488), (1361, 1364), (1361, 1365), (1361, 1366), (1361, 1367), (1361, 1489), (1362, 1364), (1362, 1365), (1362, 1366), (1362, 1367), (1362, 1490), (1363, 1364), (1363, 1365), (1363, 1366), (1363, 1367), (1363, 1491), (1364, 1372), (1365, 1373), (1366, 1374), (1367, 1375), (1368, 1372), (1368, 1373), (1368, 1374), (1368, 1375), (1368, 1496), (1369, 1372), (1369, 1373), (1369, 1374), (1369, 1375), (1369, 1497), (1370, 1372), (1370, 1373), (1370, 1374), (1370, 1375), (1370, 1498), (1371, 1372), (1371, 1373), (1371, 1374), (1371, 1375), (1371, 1499), (1372, 1380), (1373, 1381), (1374, 1382), (1375, 1383), (1376, 1380), (1376, 1381), (1376, 1382), (1376, 1383), (1376, 1504), (1377, 1380), (1377, 1381), (1377, 1382), (1377, 1383), (1377, 1505), (1378, 1380), (1378, 1381), (1378, 1382), (1378, 1383), (1378, 1506), (1379, 1380), (1379, 1381), (1379, 1382), (1379, 1383), (1379, 1507), (1380, 1388), (1381, 1389), (1382, 1390), (1383, 1391), (1384, 1388), (1384, 1389), (1384, 1390), (1384, 1391), (1384, 1512), (1385, 1388), (1385, 1389), (1385, 1390), (1385, 1391), (1385, 1513), (1386, 1388), (1386, 1389), (1386, 1390), (1386, 1391), (1386, 1514), (1387, 1388), (1387, 1389), (1387, 1390), (1387, 1391), (1387, 1515), (1388, 1396), (1389, 1397), (1390, 1398), (1391, 1399), (1392, 1396), (1392, 1397), (1392, 1398), (1392, 1399), (1392, 1520), (1393, 1396), (1393, 1397), (1393, 1398), (1393, 1399), (1393, 1521), (1394, 1396), (1394, 1397), (1394, 1398), (1394, 1399), (1394, 1522), (1395, 1396), (1395, 1397), (1395, 1398), (1395, 1399), (1395, 1523), (1396, 1404), (1397, 1405), (1398, 1406), (1399, 1407), (1400, 1404), (1400, 1405), (1400, 1406), (1400, 1407), (1400, 1528), (1401, 1404), (1401, 1405), (1401, 1406), (1401, 1407), (1401, 1529), (1402, 1404), (1402, 1405), (1402, 1406), (1402, 1407), (1402, 1530), (1403, 1404), (1403, 1405), (1403, 1406), (1403, 1407), (1403, 1531), (1408, 1412), (1408, 1413), (1408, 1414), (1408, 1415), (1408, 1536), (1409, 1412), (1409, 1413), (1409, 1414), (1409, 1415), (1409, 1537), (1410, 1412), (1410, 1413), (1410, 1414), (1410, 1415), (1410, 1538), (1411, 1412), (1411, 1413), (1411, 1414), (1411, 1415), (1411, 1539), (1412, 1420), (1413, 1421), (1414, 1422), (1415, 1423), (1416, 1420), (1416, 1421), (1416, 1422), (1416, 1423), (1416, 1544), (1417, 1420), (1417, 1421), (1417, 1422), (1417, 1423), (1417, 1545), (1418, 1420), (1418, 1421), (1418, 1422), (1418, 1423), (1418, 1546), (1419, 1420), (1419, 1421), (1419, 1422), (1419, 1423), (1419, 1547), (1420, 1428), (1421, 1429), (1422, 1430), (1423, 1431), (1424, 1428), (1424, 1429), (1424, 1430), (1424, 1431), (1424, 1552), (1425, 1428), (1425, 1429), (1425, 1430), (1425, 1431), (1425, 1553), (1426, 1428), (1426, 1429), (1426, 1430), (1426, 1431), (1426, 1554), (1427, 1428), (1427, 1429), (1427, 1430), (1427, 1431), (1427, 1555), (1428, 1436), (1429, 1437), (1430, 1438), (1431, 1439), (1432, 1436), (1432, 1437), (1432, 1438), (1432, 1439), (1432, 1560), (1433, 1436), (1433, 1437), (1433, 1438), (1433, 1439), (1433, 1561), (1434, 1436), (1434, 1437), (1434, 1438), (1434, 1439), (1434, 1562), (1435, 1436), (1435, 1437), (1435, 1438), (1435, 1439), (1435, 1563), (1436, 1444), (1437, 1445), (1438, 1446), (1439, 1447), (1440, 1444), (1440, 1445), (1440, 1446), (1440, 1447), (1440, 1568), (1441, 1444), (1441, 1445), (1441, 1446), (1441, 1447), (1441, 1569), (1442, 1444), (1442, 1445), (1442, 1446), (1442, 1447), (1442, 1570), (1443, 1444), (1443, 1445), (1443, 1446), (1443, 1447), (1443, 1571), (1444, 1452), (1445, 1453), (1446, 1454), (1447, 1455), (1448, 1452), (1448, 1453), (1448, 1454), (1448, 1455), (1448, 1576), (1449, 1452), (1449, 1453), (1449, 1454), (1449, 1455), (1449, 1577), (1450, 1452), (1450, 1453), (1450, 1454), (1450, 1455), (1450, 1578), (1451, 1452), (1451, 1453), (1451, 1454), (1451, 1455), (1451, 1579), (1452, 1460), (1453, 1461), (1454, 1462), (1455, 1463), (1456, 1460), (1456, 1461), (1456, 1462), (1456, 1463), (1456, 1584), (1457, 1460), (1457, 1461), (1457, 1462), (1457, 1463), (1457, 1585), (1458, 1460), (1458, 1461), (1458, 1462), (1458, 1463), (1458, 1586), (1459, 1460), (1459, 1461), (1459, 1462), (1459, 1463), (1459, 1587), (1460, 1468), (1461, 1469), (1462, 1470), (1463, 1471), (1464, 1468), (1464, 1469), (1464, 1470), (1464, 1471), (1464, 1592), (1465, 1468), (1465, 1469), (1465, 1470), (1465, 1471), (1465, 1593), (1466, 1468), (1466, 1469), (1466, 1470), (1466, 1471), (1466, 1594), (1467, 1468), (1467, 1469), (1467, 1470), (1467, 1471), (1467, 1595), (1468, 1476), (1469, 1477), (1470, 1478), (1471, 1479), (1472, 1476), (1472, 1477), (1472, 1478), (1472, 1479), (1472, 1600), (1473, 1476), (1473, 1477), (1473, 1478), (1473, 1479), (1473, 1601), (1474, 1476), (1474, 1477), (1474, 1478), (1474, 1479), (1474, 1602), (1475, 1476), (1475, 1477), (1475, 1478), (1475, 1479), (1475, 1603), (1476, 1484), (1477, 1485), (1478, 1486), (1479, 1487), (1480, 1484), (1480, 1485), (1480, 1486), (1480, 1487), (1480, 1608), (1481, 1484), (1481, 1485), (1481, 1486), (1481, 1487), (1481, 1609), (1482, 1484), (1482, 1485), (1482, 1486), (1482, 1487), (1482, 1610), (1483, 1484), (1483, 1485), (1483, 1486), (1483, 1487), (1483, 1611), (1484, 1492), (1485, 1493), (1486, 1494), (1487, 1495), (1488, 1492), (1488, 1493), (1488, 1494), (1488, 1495), (1488, 1616), (1489, 1492), (1489, 1493), (1489, 1494), (1489, 1495), (1489, 1617), (1490, 1492), (1490, 1493), (1490, 1494), (1490, 1495), (1490, 1618), (1491, 1492), (1491, 1493), (1491, 1494), (1491, 1495), (1491, 1619), (1492, 1500), (1493, 1501), (1494, 1502), (1495, 1503), (1496, 1500), (1496, 1501), (1496, 1502), (1496, 1503), (1496, 1624), (1497, 1500), (1497, 1501), (1497, 1502), (1497, 1503), (1497, 1625), (1498, 1500), (1498, 1501), (1498, 1502), (1498, 1503), (1498, 1626), (1499, 1500), (1499, 1501), (1499, 1502), (1499, 1503), (1499, 1627), (1500, 1508), (1501, 1509), (1502, 1510), (1503, 1511), (1504, 1508), (1504, 1509), (1504, 1510), (1504, 1511), (1504, 1632), (1505, 1508), (1505, 1509), (1505, 1510), (1505, 1511), (1505, 1633), (1506, 1508), (1506, 1509), (1506, 1510), (1506, 1511), (1506, 1634), (1507, 1508), (1507, 1509), (1507, 1510), (1507, 1511), (1507, 1635), (1508, 1516), (1509, 1517), (1510, 1518), (1511, 1519), (1512, 1516), (1512, 1517), (1512, 1518), (1512, 1519), (1512, 1640), (1513, 1516), (1513, 1517), (1513, 1518), (1513, 1519), (1513, 1641), (1514, 1516), (1514, 1517), (1514, 1518), (1514, 1519), (1514, 1642), (1515, 1516), (1515, 1517), (1515, 1518), (1515, 1519), (1515, 1643), (1516, 1524), (1517, 1525), (1518, 1526), (1519, 1527), (1520, 1524), (1520, 1525), (1520, 1526), (1520, 1527), (1520, 1648), (1521, 1524), (1521, 1525), (1521, 1526), (1521, 1527), (1521, 1649), (1522, 1524), (1522, 1525), (1522, 1526), (1522, 1527), (1522, 1650), (1523, 1524), (1523, 1525), (1523, 1526), (1523, 1527), (1523, 1651), (1524, 1532), (1525, 1533), (1526, 1534), (1527, 1535), (1528, 1532), (1528, 1533), (1528, 1534), (1528, 1535), (1528, 1656), (1529, 1532), (1529, 1533), (1529, 1534), (1529, 1535), (1529, 1657), (1530, 1532), (1530, 1533), (1530, 1534), (1530, 1535), (1530, 1658), (1531, 1532), (1531, 1533), (1531, 1534), (1531, 1535), (1531, 1659), (1536, 1540), (1536, 1541), (1536, 1542), (1536, 1543), (1536, 1664), (1537, 1540), (1537, 1541), (1537, 1542), (1537, 1543), (1537, 1665), (1538, 1540), (1538, 1541), (1538, 1542), (1538, 1543), (1538, 1666), (1539, 1540), (1539, 1541), (1539, 1542), (1539, 1543), (1539, 1667), (1540, 1548), (1541, 1549), (1542, 1550), (1543, 1551), (1544, 1548), (1544, 1549), (1544, 1550), (1544, 1551), (1544, 1672), (1545, 1548), (1545, 1549), (1545, 1550), (1545, 1551), (1545, 1673), (1546, 1548), (1546, 1549), (1546, 1550), (1546, 1551), (1546, 1674), (1547, 1548), (1547, 1549), (1547, 1550), (1547, 1551), (1547, 1675), (1548, 1556), (1549, 1557), (1550, 1558), (1551, 1559), (1552, 1556), (1552, 1557), (1552, 1558), (1552, 1559), (1552, 1680), (1553, 1556), (1553, 1557), (1553, 1558), (1553, 1559), (1553, 1681), (1554, 1556), (1554, 1557), (1554, 1558), (1554, 1559), (1554, 1682), (1555, 1556), (1555, 1557), (1555, 1558), (1555, 1559), (1555, 1683), (1556, 1564), (1557, 1565), (1558, 1566), (1559, 1567), (1560, 1564), (1560, 1565), (1560, 1566), (1560, 1567), (1560, 1688), (1561, 1564), (1561, 1565), (1561, 1566), (1561, 1567), (1561, 1689), (1562, 1564), (1562, 1565), (1562, 1566), (1562, 1567), (1562, 1690), (1563, 1564), (1563, 1565), (1563, 1566), (1563, 1567), (1563, 1691), (1564, 1572), (1565, 1573), (1566, 1574), (1567, 1575), (1568, 1572), (1568, 1573), (1568, 1574), (1568, 1575), (1568, 1696), (1569, 1572), (1569, 1573), (1569, 1574), (1569, 1575), (1569, 1697), (1570, 1572), (1570, 1573), (1570, 1574), (1570, 1575), (1570, 1698), (1571, 1572), (1571, 1573), (1571, 1574), (1571, 1575), (1571, 1699), (1572, 1580), (1573, 1581), (1574, 1582), (1575, 1583), (1576, 1580), (1576, 1581), (1576, 1582), (1576, 1583), (1576, 1704), (1577, 1580), (1577, 1581), (1577, 1582), (1577, 1583), (1577, 1705), (1578, 1580), (1578, 1581), (1578, 1582), (1578, 1583), (1578, 1706), (1579, 1580), (1579, 1581), (1579, 1582), (1579, 1583), (1579, 1707), (1580, 1588), (1581, 1589), (1582, 1590), (1583, 1591), (1584, 1588), (1584, 1589), (1584, 1590), (1584, 1591), (1584, 1712), (1585, 1588), (1585, 1589), (1585, 1590), (1585, 1591), (1585, 1713), (1586, 1588), (1586, 1589), (1586, 1590), (1586, 1591), (1586, 1714), (1587, 1588), (1587, 1589), (1587, 1590), (1587, 1591), (1587, 1715), (1588, 1596), (1589, 1597), (1590, 1598), (1591, 1599), (1592, 1596), (1592, 1597), (1592, 1598), (1592, 1599), (1592, 1720), (1593, 1596), (1593, 1597), (1593, 1598), (1593, 1599), (1593, 1721), (1594, 1596), (1594, 1597), (1594, 1598), (1594, 1599), (1594, 1722), (1595, 1596), (1595, 1597), (1595, 1598), (1595, 1599), (1595, 1723), (1596, 1604), (1597, 1605), (1598, 1606), (1599, 1607), (1600, 1604), (1600, 1605), (1600, 1606), (1600, 1607), (1600, 1728), (1601, 1604), (1601, 1605), (1601, 1606), (1601, 1607), (1601, 1729), (1602, 1604), (1602, 1605), (1602, 1606), (1602, 1607), (1603, 1604), (1603, 1605), (1603, 1606), (1603, 1607), (1603, 1731), (1604, 1612), (1605, 1613), (1606, 1614), (1607, 1615), (1608, 1612), (1608, 1613), (1608, 1614), (1608, 1615), (1608, 1736), (1609, 1612), (1609, 1613), (1609, 1614), (1609, 1615), (1609, 1737), (1610, 1612), (1610, 1613), (1610, 1614), (1610, 1615), (1610, 1738), (1611, 1612), (1611, 1613), (1611, 1614), (1611, 1615), (1611, 1739), (1612, 1620), (1613, 1621), (1614, 1622), (1615, 1623), (1616, 1620), (1616, 1621), (1616, 1622), (1616, 1623), (1616, 1744), (1617, 1620), (1617, 1621), (1617, 1622), (1617, 1623), (1617, 1745), (1618, 1620), (1618, 1621), (1618, 1622), (1618, 1623), (1618, 1746), (1619, 1620), (1619, 1621), (1619, 1622), (1619, 1623), (1619, 1747), (1620, 1628), (1621, 1629), (1622, 1630), (1623, 1631), (1624, 1628), (1624, 1629), (1624, 1630), (1624, 1631), (1624, 1752), (1625, 1628), (1625, 1629), (1625, 1630), (1625, 1631), (1625, 1753), (1626, 1628), (1626, 1629), (1626, 1630), (1626, 1631), (1626, 1754), (1627, 1628), (1627, 1629), (1627, 1630), (1627, 1631), (1627, 1755), (1628, 1636), (1629, 1637), (1630, 1638), (1631, 1639), (1632, 1636), (1632, 1637), (1632, 1638), (1632, 1639), (1632, 1760), (1633, 1636), (1633, 1637), (1633, 1638), (1633, 1639), (1633, 1761), (1634, 1636), (1634, 1637), (1634, 1638), (1634, 1639), (1634, 1762), (1635, 1636), (1635, 1637), (1635, 1638), (1635, 1639), (1635, 1763), (1636, 1644), (1637, 1645), (1638, 1646), (1639, 1647), (1640, 1644), (1640, 1645), (1640, 1646), (1640, 1647), (1640, 1768), (1641, 1644), (1641, 1645), (1641, 1646), (1641, 1647), (1641, 1769), (1642, 1644), (1642, 1645), (1642, 1646), (1642, 1647), (1642, 1770), (1643, 1644), (1643, 1645), (1643, 1646), (1643, 1647), (1643, 1771), (1644, 1652), (1645, 1653), (1646, 1654), (1647, 1655), (1648, 1652), (1648, 1653), (1648, 1654), (1648, 1655), (1649, 1652), (1649, 1653), (1649, 1654), (1649, 1655), (1649, 1777), (1650, 1652), (1650, 1653), (1650, 1654), (1650, 1655), (1650, 1778), (1651, 1652), (1651, 1653), (1651, 1654), (1651, 1655), (1651, 1779), (1652, 1660), (1653, 1661), (1654, 1662), (1655, 1663), (1656, 1660), (1656, 1661), (1656, 1662), (1656, 1663), (1656, 1784), (1657, 1660), (1657, 1661), (1657, 1662), (1657, 1663), (1657, 1785), (1658, 1660), (1658, 1661), (1658, 1662), (1658, 1663), (1658, 1786), (1659, 1660), (1659, 1661), (1659, 1662), (1659, 1663), (1659, 1787), (1664, 1668), (1664, 1669), (1664, 1670), (1664, 1671), (1664, 1792), (1665, 1668), (1665, 1669), (1665, 1670), (1665, 1671), (1665, 1793), (1666, 1668), (1666, 1669), (1666, 1670), (1666, 1671), (1666, 1794), (1667, 1668), (1667, 1669), (1667, 1670), (1667, 1671), (1667, 1795), (1668, 1676), (1669, 1677), (1670, 1678), (1671, 1679), (1672, 1676), (1672, 1677), (1672, 1678), (1672, 1679), (1672, 1800), (1673, 1676), (1673, 1677), (1673, 1678), (1673, 1679), (1673, 1801), (1674, 1676), (1674, 1677), (1674, 1678), (1674, 1679), (1674, 1802), (1675, 1676), (1675, 1677), (1675, 1678), (1675, 1679), (1675, 1803), (1676, 1684), (1677, 1685), (1678, 1686), (1679, 1687), (1680, 1684), (1680, 1685), (1680, 1686), (1680, 1687), (1680, 1808), (1681, 1684), (1681, 1685), (1681, 1686), (1681, 1687), (1681, 1809), (1682, 1684), (1682, 1685), (1682, 1686), (1682, 1687), (1682, 1810), (1683, 1684), (1683, 1685), (1683, 1686), (1683, 1687), (1683, 1811), (1684, 1692), (1685, 1693), (1686, 1694), (1687, 1695), (1688, 1692), (1688, 1693), (1688, 1694), (1688, 1695), (1688, 1816), (1689, 1692), (1689, 1693), (1689, 1694), (1689, 1695), (1689, 1817), (1690, 1692), (1690, 1693), (1690, 1694), (1690, 1695), (1690, 1818), (1691, 1692), (1691, 1693), (1691, 1694), (1691, 1695), (1691, 1819), (1692, 1700), (1693, 1701), (1694, 1702), (1695, 1703), (1696, 1700), (1696, 1701), (1696, 1702), (1696, 1703), (1696, 1824), (1697, 1700), (1697, 1701), (1697, 1702), (1697, 1703), (1697, 1825), (1698, 1700), (1698, 1701), (1698, 1702), (1698, 1703), (1698, 1826), (1699, 1700), (1699, 1701), (1699, 1702), (1699, 1703), (1699, 1827), (1700, 1708), (1701, 1709), (1702, 1710), (1703, 1711), (1704, 1708), (1704, 1709), (1704, 1710), (1704, 1711), (1704, 1832), (1705, 1708), (1705, 1709), (1705, 1710), (1705, 1711), (1705, 1833), (1706, 1708), (1706, 1709), (1706, 1710), (1706, 1711), (1706, 1834), (1707, 1708), (1707, 1709), (1707, 1710), (1707, 1711), (1707, 1835), (1708, 1716), (1709, 1717), (1710, 1718), (1711, 1719), (1712, 1716), (1712, 1717), (1712, 1718), (1712, 1719), (1712, 1840), (1713, 1716), (1713, 1717), (1713, 1718), (1713, 1719), (1713, 1841), (1714, 1716), (1714, 1717), (1714, 1718), (1714, 1719), (1714, 1842), (1715, 1716), (1715, 1717), (1715, 1718), (1715, 1719), (1715, 1843), (1716, 1724), (1717, 1725), (1718, 1726), (1719, 1727), (1720, 1724), (1720, 1725), (1720, 1726), (1720, 1727), (1720, 1848), (1721, 1724), (1721, 1725), (1721, 1726), (1721, 1727), (1721, 1849), (1722, 1724), (1722, 1725), (1722, 1726), (1722, 1727), (1722, 1850), (1723, 1724), (1723, 1725), (1723, 1726), (1723, 1727), (1723, 1851), (1724, 1732), (1725, 1733), (1726, 1734), (1727, 1735), (1728, 1732), (1728, 1733), (1728, 1734), (1728, 1735), (1728, 1856), (1729, 1732), (1729, 1733), (1729, 1734), (1729, 1735), (1729, 1857), (1731, 1732), (1731, 1733), (1731, 1734), (1731, 1735), (1731, 1859), (1732, 1740), (1733, 1741), (1734, 1742), (1735, 1743), (1736, 1740), (1736, 1741), (1736, 1742), (1736, 1743), (1736, 1864), (1737, 1740), (1737, 1741), (1737, 1742), (1737, 1743), (1737, 1865), (1738, 1740), (1738, 1741), (1738, 1742), (1738, 1743), (1738, 1866), (1739, 1740), (1739, 1741), (1739, 1742), (1739, 1743), (1739, 1867), (1740, 1748), (1741, 1749), (1742, 1750), (1743, 1751), (1744, 1748), (1744, 1749), (1744, 1750), (1744, 1751), (1744, 1872), (1745, 1748), (1745, 1749), (1745, 1750), (1745, 1751), (1745, 1873), (1746, 1748), (1746, 1749), (1746, 1750), (1746, 1751), (1746, 1874), (1747, 1748), (1747, 1749), (1747, 1750), (1747, 1751), (1747, 1875), (1748, 1756), (1749, 1757), (1750, 1758), (1751, 1759), (1752, 1756), (1752, 1757), (1752, 1758), (1752, 1759), (1752, 1880), (1753, 1756), (1753, 1757), (1753, 1758), (1753, 1759), (1753, 1881), (1754, 1756), (1754, 1757), (1754, 1758), (1754, 1759), (1754, 1882), (1755, 1756), (1755, 1757), (1755, 1758), (1755, 1759), (1755, 1883), (1756, 1764), (1757, 1765), (1758, 1766), (1759, 1767), (1760, 1764), (1760, 1765), (1760, 1766), (1760, 1767), (1760, 1888), (1761, 1764), (1761, 1765), (1761, 1766), (1761, 1767), (1761, 1889), (1762, 1764), (1762, 1765), (1762, 1766), (1762, 1767), (1762, 1890), (1763, 1764), (1763, 1765), (1763, 1766), (1763, 1767), (1763, 1891), (1764, 1772), (1765, 1773), (1766, 1774), (1767, 1775), (1768, 1772), (1768, 1773), (1768, 1774), (1768, 1775), (1768, 1896), (1769, 1772), (1769, 1773), (1769, 1774), (1769, 1775), (1769, 1897), (1770, 1772), (1770, 1773), (1770, 1774), (1770, 1775), (1770, 1898), (1771, 1772), (1771, 1773), (1771, 1774), (1771, 1775), (1771, 1899), (1772, 1780), (1773, 1781), (1774, 1782), (1775, 1783), (1777, 1780), (1777, 1781), (1777, 1782), (1777, 1783), (1777, 1905), (1778, 1780), (1778, 1781), (1778, 1782), (1778, 1783), (1778, 1906), (1779, 1780), (1779, 1781), (1779, 1782), (1779, 1783), (1779, 1907), (1780, 1788), (1781, 1789), (1782, 1790), (1783, 1791), (1784, 1788), (1784, 1789), (1784, 1790), (1784, 1791), (1784, 1912), (1785, 1788), (1785, 1789), (1785, 1790), (1785, 1791), (1785, 1913), (1786, 1788), (1786, 1789), (1786, 1790), (1786, 1791), (1786, 1914), (1787, 1788), (1787, 1789), (1787, 1790), (1787, 1791), (1787, 1915), (1792, 1796), (1792, 1797), (1792, 1798), (1792, 1799), (1792, 1920), (1793, 1796), (1793, 1797), (1793, 1798), (1793, 1799), (1793, 1921), (1794, 1796), (1794, 1797), (1794, 1798), (1794, 1799), (1794, 1922), (1795, 1796), (1795, 1797), (1795, 1798), (1795, 1799), (1795, 1923), (1796, 1804), (1797, 1805), (1798, 1806), (1799, 1807), (1800, 1804), (1800, 1805), (1800, 1806), (1800, 1807), (1800, 1928), (1801, 1804), (1801, 1805), (1801, 1806), (1801, 1807), (1801, 1929), (1802, 1804), (1802, 1805), (1802, 1806), (1802, 1807), (1802, 1930), (1803, 1804), (1803, 1805), (1803, 1806), (1803, 1807), (1803, 1931), (1804, 1812), (1805, 1813), (1806, 1814), (1807, 1815), (1808, 1812), (1808, 1813), (1808, 1814), (1808, 1815), (1808, 1936), (1809, 1812), (1809, 1813), (1809, 1814), (1809, 1815), (1809, 1937), (1810, 1812), (1810, 1813), (1810, 1814), (1810, 1815), (1810, 1938), (1811, 1812), (1811, 1813), (1811, 1814), (1811, 1815), (1811, 1939), (1812, 1820), (1813, 1821), (1814, 1822), (1815, 1823), (1816, 1820), (1816, 1821), (1816, 1822), (1816, 1823), (1816, 1944), (1817, 1820), (1817, 1821), (1817, 1822), (1817, 1823), (1817, 1945), (1818, 1820), (1818, 1821), (1818, 1822), (1818, 1823), (1818, 1946), (1819, 1820), (1819, 1821), (1819, 1822), (1819, 1823), (1819, 1947), (1820, 1828), (1821, 1829), (1822, 1830), (1823, 1831), (1824, 1828), (1824, 1829), (1824, 1830), (1824, 1831), (1824, 1952), (1825, 1828), (1825, 1829), (1825, 1830), (1825, 1831), (1825, 1953), (1826, 1828), (1826, 1829), (1826, 1830), (1826, 1831), (1826, 1954), (1827, 1828), (1827, 1829), (1827, 1830), (1827, 1831), (1827, 1955), (1828, 1836), (1829, 1837), (1830, 1838), (1831, 1839), (1832, 1836), (1832, 1837), (1832, 1838), (1832, 1839), (1832, 1960), (1833, 1836), (1833, 1837), (1833, 1838), (1833, 1839), (1833, 1961), (1834, 1836), (1834, 1837), (1834, 1838), (1834, 1839), (1834, 1962), (1835, 1836), (1835, 1837), (1835, 1838), (1835, 1839), (1835, 1963), (1836, 1844), (1837, 1845), (1838, 1846), (1839, 1847), (1840, 1844), (1840, 1845), (1840, 1846), (1840, 1847), (1840, 1968), (1841, 1844), (1841, 1845), (1841, 1846), (1841, 1847), (1841, 1969), (1842, 1844), (1842, 1845), (1842, 1846), (1842, 1847), (1842, 1970), (1843, 1844), (1843, 1845), (1843, 1846), (1843, 1847), (1843, 1971), (1844, 1852), (1845, 1853), (1846, 1854), (1847, 1855), (1848, 1852), (1848, 1853), (1848, 1854), (1848, 1855), (1848, 1976), (1849, 1852), (1849, 1853), (1849, 1854), (1849, 1855), (1849, 1977), (1850, 1852), (1850, 1853), (1850, 1854), (1850, 1855), (1850, 1978), (1851, 1852), (1851, 1853), (1851, 1854), (1851, 1855), (1851, 1979), (1852, 1860), (1853, 1861), (1854, 1862), (1855, 1863), (1856, 1860), (1856, 1861), (1856, 1862), (1856, 1863), (1856, 1984), (1857, 1860), (1857, 1861), (1857, 1862), (1857, 1863), (1857, 1985), (1859, 1860), (1859, 1861), (1859, 1862), (1859, 1863), (1859, 1987), (1860, 1868), (1861, 1869), (1862, 1870), (1863, 1871), (1864, 1868), (1864, 1869), (1864, 1870), (1864, 1871), (1864, 1992), (1865, 1868), (1865, 1869), (1865, 1870), (1865, 1871), (1865, 1993), (1866, 1868), (1866, 1869), (1866, 1870), (1866, 1871), (1866, 1994), (1867, 1868), (1867, 1869), (1867, 1870), (1867, 1871), (1867, 1995), (1868, 1876), (1869, 1877), (1870, 1878), (1871, 1879), (1872, 1876), (1872, 1877), (1872, 1878), (1872, 1879), (1872, 2000), (1873, 1876), (1873, 1877), (1873, 1878), (1873, 1879), (1873, 2001), (1874, 1876), (1874, 1877), (1874, 1878), (1874, 1879), (1874, 2002), (1875, 1876), (1875, 1877), (1875, 1878), (1875, 1879), (1875, 2003), (1876, 1884), (1877, 1885), (1878, 1886), (1879, 1887), (1880, 1884), (1880, 1885), (1880, 1886), (1880, 1887), (1880, 2008), (1881, 1884), (1881, 1885), (1881, 1886), (1881, 1887), (1881, 2009), (1882, 1884), (1882, 1885), (1882, 1886), (1882, 1887), (1882, 2010), (1883, 1884), (1883, 1885), (1883, 1886), (1883, 1887), (1883, 2011), (1884, 1892), (1885, 1893), (1886, 1894), (1887, 1895), (1888, 1892), (1888, 1893), (1888, 1894), (1888, 1895), (1888, 2016), (1889, 1892), (1889, 1893), (1889, 1894), (1889, 1895), (1889, 2017), (1890, 1892), (1890, 1893), (1890, 1894), (1890, 1895), (1890, 2018), (1891, 1892), (1891, 1893), (1891, 1894), (1891, 1895), (1891, 2019), (1892, 1900), (1893, 1901), (1894, 1902), (1895, 1903), (1896, 1900), (1896, 1901), (1896, 1902), (1896, 1903), (1896, 2024), (1897, 1900), (1897, 1901), (1897, 1902), (1897, 1903), (1897, 2025), (1898, 1900), (1898, 1901), (1898, 1902), (1898, 1903), (1898, 2026), (1899, 1900), (1899, 1901), (1899, 1902), (1899, 1903), (1899, 2027), (1900, 1908), (1901, 1909), (1902, 1910), (1903, 1911), (1904, 1908), (1904, 1909), (1904, 1910), (1904, 1911), (1904, 2032), (1905, 1908), (1905, 1909), (1905, 1910), (1905, 1911), (1905, 2033), (1906, 1908), (1906, 1909), (1906, 1910), (1906, 1911), (1906, 2034), (1907, 1908), (1907, 1909), (1907, 1910), (1907, 1911), (1907, 2035), (1908, 1916), (1909, 1917), (1910, 1918), (1911, 1919), (1912, 1916), (1912, 1917), (1912, 1918), (1912, 1919), (1912, 2040), (1913, 1916), (1913, 1917), (1913, 1918), (1913, 1919), (1913, 2041), (1914, 1916), (1914, 1917), (1914, 1918), (1914, 1919), (1914, 2042), (1915, 1916), (1915, 1917), (1915, 1918), (1915, 1919), (1915, 2043), (1920, 1924), (1920, 1925), (1920, 1926), (1920, 1927), (1921, 1924), (1921, 1925), (1921, 1926), (1921, 1927), (1922, 1924), (1922, 1925), (1922, 1926), (1922, 1927), (1923, 1924), (1923, 1925), (1923, 1926), (1923, 1927), (1924, 1932), (1925, 1933), (1926, 1934), (1927, 1935), (1928, 1932), (1928, 1933), (1928, 1934), (1928, 1935), (1929, 1932), (1929, 1933), (1929, 1934), (1929, 1935), (1930, 1932), (1930, 1933), (1930, 1934), (1930, 1935), (1931, 1932), (1931, 1933), (1931, 1934), (1931, 1935), (1932, 1940), (1933, 1941), (1934, 1942), (1935, 1943), (1936, 1940), (1936, 1941), (1936, 1942), (1936, 1943), (1937, 1940), (1937, 1941), (1937, 1942), (1937, 1943), (1938, 1940), (1938, 1941), (1938, 1942), (1938, 1943), (1939, 1940), (1939, 1941), (1939, 1942), (1939, 1943), (1940, 1948), (1941, 1949), (1942, 1950), (1943, 1951), (1944, 1948), (1944, 1949), (1944, 1950), (1944, 1951), (1945, 1948), (1945, 1949), (1945, 1950), (1945, 1951), (1946, 1948), (1946, 1949), (1946, 1950), (1946, 1951), (1947, 1948), (1947, 1949), (1947, 1950), (1947, 1951), (1948, 1956), (1949, 1957), (1950, 1958), (1951, 1959), (1952, 1956), (1952, 1957), (1952, 1958), (1952, 1959), (1953, 1956), (1953, 1957), (1953, 1958), (1953, 1959), (1954, 1956), (1954, 1957), (1954, 1958), (1954, 1959), (1955, 1956), (1955, 1957), (1955, 1958), (1955, 1959), (1956, 1964), (1957, 1965), (1958, 1966), (1959, 1967), (1960, 1964), (1960, 1965), (1960, 1966), (1960, 1967), (1961, 1964), (1961, 1965), (1961, 1966), (1961, 1967), (1962, 1964), (1962, 1965), (1962, 1966), (1962, 1967), (1963, 1964), (1963, 1965), (1963, 1966), (1963, 1967), (1964, 1972), (1965, 1973), (1966, 1974), (1967, 1975), (1968, 1972), (1968, 1973), (1968, 1974), (1968, 1975), (1969, 1972), (1969, 1973), (1969, 1974), (1969, 1975), (1970, 1972), (1970, 1973), (1970, 1974), (1970, 1975), (1971, 1972), (1971, 1973), (1971, 1974), (1971, 1975), (1972, 1980), (1973, 1981), (1974, 1982), (1975, 1983), (1976, 1980), (1976, 1981), (1976, 1982), (1976, 1983), (1977, 1980), (1977, 1981), (1977, 1982), (1977, 1983), (1978, 1980), (1978, 1981), (1978, 1982), (1978, 1983), (1979, 1980), (1979, 1981), (1979, 1982), (1979, 1983), (1980, 1988), (1981, 1989), (1982, 1990), (1983, 1991), (1984, 1988), (1984, 1989), (1984, 1990), (1984, 1991), (1985, 1988), (1985, 1989), (1985, 1990), (1985, 1991), (1986, 1988), (1986, 1989), (1986, 1990), (1986, 1991), (1987, 1988), (1987, 1989), (1987, 1990), (1987, 1991), (1988, 1996), (1989, 1997), (1990, 1998), (1991, 1999), (1992, 1996), (1992, 1997), (1992, 1998), (1992, 1999), (1993, 1996), (1993, 1997), (1993, 1998), (1993, 1999), (1994, 1996), (1994, 1997), (1994, 1998), (1994, 1999), (1995, 1996), (1995, 1997), (1995, 1998), (1995, 1999), (1996, 2004), (1997, 2005), (1998, 2006), (1999, 2007), (2000, 2004), (2000, 2005), (2000, 2006), (2000, 2007), (2001, 2004), (2001, 2005), (2001, 2006), (2001, 2007), (2002, 2004), (2002, 2005), (2002, 2006), (2002, 2007), (2003, 2004), (2003, 2005), (2003, 2006), (2003, 2007), (2004, 2012), (2005, 2013), (2006, 2014), (2007, 2015), (2008, 2012), (2008, 2013), (2008, 2014), (2008, 2015), (2009, 2012), (2009, 2013), (2009, 2014), (2009, 2015), (2010, 2012), (2010, 2013), (2010, 2014), (2010, 2015), (2011, 2012), (2011, 2013), (2011, 2014), (2011, 2015), (2012, 2020), (2013, 2021), (2014, 2022), (2015, 2023), (2016, 2020), (2016, 2021), (2016, 2022), (2016, 2023), (2017, 2020), (2017, 2021), (2017, 2022), (2017, 2023), (2018, 2020), (2018, 2021), (2018, 2022), (2018, 2023), (2019, 2020), (2019, 2021), (2019, 2022), (2019, 2023), (2020, 2028), (2021, 2029), (2022, 2030), (2023, 2031), (2024, 2028), (2024, 2029), (2024, 2030), (2024, 2031), (2025, 2028), (2025, 2029), (2025, 2030), (2025, 2031), (2026, 2028), (2026, 2029), (2026, 2030), (2026, 2031), (2027, 2028), (2027, 2029), (2027, 2030), (2027, 2031), (2028, 2036), (2029, 2037), (2030, 2038), (2031, 2039), (2032, 2036), (2032, 2037), (2032, 2038), (2032, 2039), (2033, 2036), (2033, 2037), (2033, 2038), (2033, 2039), (2034, 2036), (2034, 2037), (2034, 2038), (2034, 2039), (2035, 2036), (2035, 2037), (2035, 2038), (2035, 2039), (2036, 2044), (2037, 2045), (2038, 2046), (2039, 2047), (2040, 2044), (2040, 2045), (2040, 2046), (2040, 2047), (2041, 2044), (2041, 2045), (2041, 2046), (2041, 2047), (2042, 2044), (2042, 2045), (2042, 2046), (2042, 2047), (2043, 2044), (2043, 2045), (2043, 2046), (2043, 2047)]
Embedding:
{0: [0], 4: [4], 5: [5], 6: [6], 7: [7], 1: [1], 2: [2], 3: [3], 80: [128], 84: [132], 85: [133], 86: [134], 87: [135], 81: [129], 82: [130], 83: [131], 160: [256], 164: [260], 165: [261], 166: [262], 167: [263], 161: [257], 162: [258], 163: [259], 240: [384], 244: [388], 245: [389], 246: [390], 247: [391], 241: [385], 242: [386], 243: [387], 320: [512], 324: [516], 325: [517], 326: [518], 327: [519], 321: [513], 322: [514], 323: [515], 400: [640], 404: [644], 405: [645], 406: [646], 407: [647], 401: [641], 402: [642], 403: [643], 480: [768], 484: [772], 485: [773], 486: [774], 487: [775], 481: [769], 482: [770], 483: [771], 560: [896], 564: [900], 565: [901], 566: [902], 567: [903], 561: [897], 562: [898], 563: [899], 640: [1024], 644: [1028], 645: [1029], 646: [1030], 647: [1031], 641: [1025], 642: [1026], 643: [1027], 720: [1152], 724: [1156], 725: [1157], 726: [1158], 727: [1159], 721: [1153], 722: [1154], 723: [1155], 8: [8], 12: [12], 13: [13], 14: [14], 15: [15], 9: [9], 10: [10], 11: [11], 88: [136], 92: [140], 93: [141], 94: [142], 95: [143], 89: [137], 90: [138], 91: [139], 168: [264], 172: [268], 173: [269], 174: [270], 175: [271], 169: [265], 170: [266], 171: [267], 248: [392], 252: [396], 253: [397], 254: [398], 255: [399], 249: [393], 250: [394], 251: [395], 328: [520], 332: [524], 333: [525], 334: [526], 335: [527], 329: [521], 330: [522], 331: [523], 408: [648], 412: [652], 413: [653], 414: [654], 415: [655], 409: [649], 410: [650], 411: [651], 488: [776], 492: [780], 493: [781], 494: [782], 495: [783], 489: [777], 490: [778], 491: [779], 568: [904], 572: [908], 573: [909], 574: [910], 575: [911], 569: [905], 570: [906], 571: [907], 648: [1032], 652: [1036], 653: [1037], 654: [1038], 655: [1039], 649: [1033], 650: [1034], 651: [1035], 728: [1160], 732: [1164], 733: [1165], 734: [1166], 735: [1167], 729: [1161], 730: [1162], 731: [1163], 16: [16], 20: [20], 21: [21], 22: [22], 23: [23], 17: [17], 18: [18], 19: [19], 96: [144], 100: [148], 101: [149], 102: [150], 103: [151], 97: [145], 98: [146], 99: [147], 176: [272], 180: [276], 181: [277], 182: [278], 183: [279], 177: [273], 178: [274], 179: [275], 256: [400], 260: [404], 261: [405], 262: [406], 263: [407], 257: [401], 258: [402], 259: [403], 336: [528], 340: [532], 341: [533], 342: [534], 343: [535], 337: [529], 338: [530], 339: [531], 416: [656], 420: [660], 421: [661], 422: [662], 423: [663], 417: [657], 418: [658], 419: [659], 496: [784], 500: [788], 501: [789], 502: [790], 503: [791], 497: [785], 498: [786], 499: [787], 576: [912], 580: [916], 581: [917], 582: [918], 583: [919], 577: [913], 578: [914], 579: [915], 656: [1040], 660: [1044], 661: [1045], 662: [1046], 663: [1047], 657: [1041], 658: [1042], 659: [1043], 736: [1168], 740: [1172], 741: [1173], 742: [1174], 743: [1175], 737: [1169], 738: [1170], 739: [1171], 24: [24], 28: [28], 29: [29], 30: [30], 31: [31], 25: [25], 26: [26], 27: [27], 104: [152], 108: [156], 109: [157], 110: [158], 111: [159], 105: [153], 106: [154], 107: [155], 184: [280], 188: [284], 189: [285], 190: [286], 191: [287], 185: [281], 186: [282], 187: [283], 264: [408], 268: [412], 269: [413], 270: [414], 271: [415], 265: [409], 266: [410], 267: [411], 344: [536], 348: [540], 349: [541], 350: [542], 351: [543], 345: [537], 346: [538], 347: [539], 424: [664], 428: [668], 429: [669], 430: [670], 431: [671], 425: [665], 426: [666], 427: [667], 504: [792], 508: [796], 509: [797], 510: [798], 511: [799], 505: [793], 506: [794], 507: [795], 584: [920], 588: [924], 589: [925], 590: [926], 591: [927], 585: [921], 586: [922], 587: [923], 664: [1048], 668: [1052], 669: [1053], 670: [1054], 671: [1055], 665: [1049], 666: [1050], 667: [1051], 744: [1176], 748: [1180], 749: [1181], 750: [1182], 751: [1183], 745: [1177], 746: [1178], 747: [1179], 32: [32], 36: [36], 37: [37], 38: [38], 39: [39], 33: [33], 34: [34], 35: [35], 112: [160], 116: [164], 117: [165], 118: [166], 119: [167], 113: [161], 114: [162], 115: [163], 192: [288], 196: [292], 197: [293], 198: [294], 199: [295], 193: [289], 194: [290], 195: [291], 272: [416], 276: [420], 277: [421], 278: [422], 279: [423], 273: [417], 274: [418], 275: [419], 352: [544], 356: [548], 357: [549], 358: [550], 359: [551], 353: [545], 354: [546], 355: [547], 432: [672], 436: [676], 437: [677], 438: [678], 439: [679], 433: [673], 434: [674], 435: [675], 512: [800], 516: [804], 517: [805], 518: [806], 519: [807], 513: [801], 514: [802], 515: [803], 592: [928], 596: [932], 597: [933], 598: [934], 599: [935], 593: [929], 594: [930], 595: [931], 672: [1056], 676: [1060], 677: [1061], 678: [1062], 679: [1063], 673: [1057], 674: [1058], 675: [1059], 752: [1184], 756: [1188], 757: [1189], 758: [1190], 759: [1191], 753: [1185], 754: [1186], 755: [1187], 40: [40], 44: [44], 45: [45], 46: [46], 47: [47], 41: [41], 42: [42], 43: [43], 120: [168], 124: [172], 125: [173], 126: [174], 127: [175], 121: [169], 122: [170], 123: [171], 200: [296], 204: [300], 205: [301], 206: [302], 207: [303], 201: [297], 202: [298], 203: [299], 280: [424], 284: [428], 285: [429], 286: [430], 287: [431], 281: [425], 282: [426], 283: [427], 360: [552], 364: [556], 365: [557], 366: [558], 367: [559], 361: [553], 362: [554], 363: [555], 440: [680], 444: [684], 445: [685], 446: [686], 447: [687], 441: [681], 442: [682], 443: [683], 520: [808], 524: [812], 525: [813], 526: [814], 527: [815], 521: [809], 522: [810], 523: [811], 600: [936], 604: [940], 605: [941], 606: [942], 607: [943], 601: [937], 602: [938], 603: [939], 680: [1064], 684: [1068], 685: [1069], 686: [1070], 687: [1071], 681: [1065], 682: [1066], 683: [1067], 760: [1192], 764: [1196], 765: [1197], 766: [1198], 767: [1199], 761: [1193], 762: [1194], 763: [1195], 48: [48], 52: [52], 53: [53], 54: [54], 55: [55], 49: [49], 50: [50], 51: [51], 128: [176], 132: [180], 133: [181], 134: [182], 135: [183], 129: [177], 130: [178], 131: [179], 208: [304], 212: [308], 213: [309], 214: [310], 215: [311], 209: [305], 210: [306], 211: [307], 288: [432], 292: [436], 293: [437], 294: [438], 295: [439], 289: [433], 290: [434], 291: [435], 368: [560], 372: [564], 373: [565], 374: [566], 375: [567], 369: [561], 370: [562], 371: [563], 448: [688], 452: [692], 453: [693], 454: [694], 455: [695], 449: [689], 450: [690], 451: [691], 528: [816], 532: [820], 533: [821], 534: [822], 535: [823], 529: [817], 530: [818], 531: [819], 608: [944], 612: [948], 613: [949], 614: [950], 615: [951], 609: [945], 610: [946], 611: [947], 688: [1072], 692: [1076], 693: [1077], 694: [1078], 695: [1079], 689: [1073], 690: [1074], 691: [1075], 768: [1200], 772: [1204], 773: [1205], 774: [1206], 775: [1207], 769: [1201], 770: [1202], 771: [1203], 56: [56], 60: [60], 61: [61], 62: [62], 63: [63], 57: [57], 58: [58], 59: [59], 136: [184], 140: [188], 141: [189], 142: [190], 143: [191], 137: [185], 138: [186], 139: [187], 216: [312], 220: [316], 221: [317], 222: [318], 223: [319], 217: [313], 218: [314], 219: [315], 296: [440], 300: [444], 301: [445], 302: [446], 303: [447], 297: [441], 298: [442], 299: [443], 376: [568], 380: [572], 381: [573], 382: [574], 383: [575], 377: [569], 378: [570], 379: [571], 456: [696], 460: [700], 461: [701], 462: [702], 463: [703], 457: [697], 458: [698], 459: [699], 536: [824], 540: [828], 541: [829], 542: [830], 543: [831], 537: [825], 538: [826], 539: [827], 616: [952], 620: [956], 621: [957], 622: [958], 623: [959], 617: [953], 618: [954], 619: [955], 696: [1080], 700: [1084], 701: [1085], 702: [1086], 703: [1087], 697: [1081], 698: [1082], 699: [1083], 776: [1208], 780: [1212], 781: [1213], 782: [1214], 783: [1215], 777: [1209], 778: [1210], 779: [1211], 64: [64], 68: [68], 69: [69], 70: [70], 71: [71], 65: [65], 66: [66], 67: [67], 144: [192], 148: [196], 149: [197], 150: [198], 151: [199], 145: [193], 146: [194], 147: [195], 224: [320], 228: [324], 229: [325], 230: [326], 231: [327], 225: [321], 226: [322], 227: [323], 304: [448], 308: [452], 309: [453], 310: [454], 311: [455], 305: [449], 306: [450], 307: [451], 384: [576], 388: [580], 389: [581], 390: [582], 391: [583], 385: [577], 386: [578], 387: [579], 464: [704], 468: [708], 469: [709], 470: [710], 471: [711], 465: [705], 466: [706], 467: [707], 544: [832], 548: [836], 549: [837], 550: [838], 551: [839], 545: [833], 546: [834], 547: [835], 624: [960], 628: [964], 629: [965], 630: [966], 631: [967], 625: [961], 626: [962], 627: [963], 704: [1088], 708: [1092], 709: [1093], 710: [1094], 711: [1095], 705: [1089], 706: [1090], 707: [1091], 784: [1216], 788: [1220], 789: [1221], 790: [1222], 791: [1223], 785: [1217], 786: [1218], 787: [1219], 72: [72], 76: [76], 77: [77], 78: [78], 79: [79], 73: [73], 74: [74], 75: [75], 152: [200], 156: [204], 157: [205], 158: [206], 159: [207], 153: [201], 154: [202], 155: [203], 232: [328], 236: [332], 237: [333], 238: [334], 239: [335], 233: [329], 234: [330], 235: [331], 312: [456], 316: [460], 317: [461], 318: [462], 319: [463], 313: [457], 314: [458], 315: [459], 392: [584], 396: [588], 397: [589], 398: [590], 399: [591], 393: [585], 394: [586], 395: [587], 472: [712], 476: [716], 477: [717], 478: [718], 479: [719], 473: [713], 474: [714], 475: [715], 552: [840], 556: [844], 557: [845], 558: [846], 559: [847], 553: [841], 554: [842], 555: [843], 632: [968], 636: [972], 637: [973], 638: [974], 639: [975], 633: [969], 634: [970], 635: [971], 712: [1096], 716: [1100], 717: [1101], 718: [1102], 719: [1103], 713: [1097], 714: [1098], 715: [1099], 792: [1224], 796: [1228], 797: [1229], 798: [1230], 799: [1231], 793: [1225], 794: [1226], 795: [1227]}
Any news?
Thank you.
I believe this was fixed by dwavesystems/dwave-cloud-client#292
Updating the cloud-client should resolve the issue. Let me know if it doesn't
Marking this as resolved for now, if the above did not fix the issue let me know
